;Q_1;Q_2;Q_3;Q_4;Q_5;Q_6;Q_7;S1;S_2;TransplantRootHullIndex;Encoding;
_SEEDS_111111111111111111111111111111111111111111111111111111111000000000000000000000000000000000000000000000000000000000000000000000000000000000000000000000000000000000000000000000000000000000000000000000000000000000000000000000000000000000000000000000000000000000000000000000000000000000000000000000000000000101010101000110000000000000011111100000000000000000000000000000000000000000000000000000000000000000000000000000000000000000000000000000000000000000000000000000000000000000000000000000000000000000000000000000000000000000000000000000000000000000000000000000000000000000000000000000000000000000000000000000000000000000000000000000000000000000000000000000000000000000000000000000000000000000000000000000000000000000000000000000000000000000000000000000111111111111111111111111111111111111111111111111111111111111100000000000000000000000000000000000000000000000000000000000000000000000000000000000000000-0020406080a0ccdefg0jkl0nop0rstjlnprtnnnnnnpppppprrssNOPQH-VV-----------------------------------------------------------------------------------------000000000000000000000000000000000000000000000000000000000000000000000000000000000000000000000000000000000000000000000000000000000000000000000000000000---------------------------------------------------------HHHH-----------------------------------------------------------------------------------------;1.0;0.14063492063492078;0.11156862549877977;0.9503936264316384;0.9791066305409795;0.11759307109298626;0.5498828123665508;0.14063492063492078;0.14063492063492078;21;101111111111111101111011111110111111011111111011111111011000001000010000000000000000000000000000000000000000000000000010000000000000000000010010001000000010000000000000100000010000000010001000000000000000000000000100000000000000001000010000000000000000000100000100000001000000000100000000000000000000000001010101000110001000100000001111100000000000000000000000000000100100000000000000101000000100000010000000000000000000000010000000000000000110000000001000010010100000000000000000001000000010000100010001100000010000000000001000001000000000000000000000100000000000001010000000000000000000001000000000001000100000000000100000000000000000000000000000000100000000100000000010010100000000000000000001000000000001000000000000000000000000000000000000000000111111111101111111111111111111111111111111111111111111111111100000100000000001000000000000011100000000000000010000000000000000000000100000001000000000-0020406080a0ccMefg0jkl0nop0rstjlnpr8nnnnnnpppppprrsiNOPQH-MV-----------------------------------e-----j----ç---r---q--C-------------------------O-----000000000000000000100000000000000100001000000000000000000000000000000000101000000001010000000000000000000000100000000000010000000000000000110000000000---------------------------------------------------------llll-----------------------------------------------------------------------------------------
_SEEDS_111111111111111111111111111111111111111111111111111111111000000000000000000000000000000000000000000000000000000000000000000000000000000000000000000000000000000000000000000000000000000000000000000000000000000000000000000000000000000000000000000000000000000000000000000000000000000000000000000000000000000101010101000110000000000000011111100000000000000000000000000000000000000000000000000000000000000000000000000000000000000000000000000000000000000000000000000000000000000000000000000000000000000000000000000000000000000000000000000000000000000000000000000000000000000000000000000000000000000000000000000000000000000000000000000000000000000000000000000000000000000000000000000000000000000000000000000000000000000000000000000000000000000000000000000000111111111111111111111111111111111111111111111111111111111111100000000000000000000000000000000000000000000000000000000000000000000000000000000000000000-0020406080a0ccdefg0jkl0nop0rstjlnprtnnnnnnpppppprrssNOPQH-VV-----------------------------------------------------------------------------------------000000000000000000000000000000000000000000000000000000000000000000000000000000000000000000000000000000000000000000000000000000000000000000000000000000---------------------------------------------------------HHHH-----------------------------------------------------------------------------------------;1.0;0.12337301587301575;0.10257969798680444;0.9537994134172251;0.9785706062270876;0.10997139987164602;0.5447156888959631;0.12337301587301575;0.12337301587301575;21;101111111111111101111011111110111111011111111011111111111000001000010000000000000000000000000000000000000000000000000010000000000000000000000010001000000010000000000000100000010000000010001000000000000000000000000100000000000000001010010000000000000000000100000100000001000000000100000000000000000000000001010101000110001000100000001111100000000000000000000000000000100000000000000000101000000100000010000000000000000000000010000000000000000010010000001000010010100000000000000000001000000010001100010001100000000000000000001000001000000000000000000000100000000001000010000000000000000000100000000000001000100000000000100000000000000000000000000000000100000000100000000010010100010000000000000001000000000001000000000000000000000000000000000000000000101111111101111111111111110111111111111111111111111111111111100000100100000000000000000000001100000000000000010000000000000000000000000001001000000000-0020406080a0ccdefg0jkl0nop0rstjlnpr8nnnnnnpppppprrssNOPQH-MV-----------------------------------e--------------r---q--C-------------------------O-----000000000000000000000000000000000101000000000000000000000000000000000000100000000001010000000000000000000000100000000000011001000100000000000000000000---------------------------------------------------------llll-----------------------------------------------------------------------------------------
_SEEDS_111111111111111111111111111111111111111111111111111111111000000000000000000000000000000000000000000000000000000000000000000000000000000000000000000000000000000000000000000000000000000000000000000000000000000000000000000000000000000000000000000000000000000000000000000000000000000000000000000000000000000101010101000110000000000000011111100000000000000000000000000000000000000000000000000000000000000000000000000000000000000000000000000000000000000000000000000000000000000000000000000000000000000000000000000000000000000000000000000000000000000000000000000000000000000000000000000000000000000000000000000000000000000000000000000000000000000000000000000000000000000000000000000000000000000000000000000000000000000000000000000000000000000000000000000000111111111111111111111111111111111111111111111111111111111111100000000000000000000000000000000000000000000000000000000000000000000000000000000000000000-0020406080a0ccdefg0jkl0nop0rstjlnprtnnnnnnpppppprrssNOPQH-VV-----------------------------------------------------------------------------------------000000000000000000000000000000000000000000000000000000000000000000000000000000000000000000000000000000000000000000000000000000000000000000000000000000---------------------------------------------------------HHHH-----------------------------------------------------------------------------------------;1.0;0.11775793650793642;0.14571372614877376;0.9449577979087895;0.9819539579139794;0.12302496059367928;0.5522347298455265;0.11775793650793642;0.11775793650793642;21;101111111111111101111011111110111111011111111011111111111000001000010000000000000000100000000000000000000000000000000010000000000000000000000010001000000010000000000000100000010000000010001000000000000000000000000100000000000000001000010000100000000000000100000100000001000000000100000000000000000000000001010101000110001000100000001111100000000000000000000000000000100100000000000000101000000100000010000000000000000000100010000000000000000010000000001000010010100000000000000000001000000010000100010001100000000000000000001000001000000000000000000000100000000000000010000000000000000000001000000000001000100000000000100000000000000000000000000000000100000000100000000010010100000000000000000001000000000001000000000000000000000000000000000000000000111111111101111111111111111111111111111111111111111101111111100000100000000000000000000000011100000000000000010000000000000000000000000000001000000000-0020406080a0ccdefg0jkl0nop0rstjlnpr8nnnénnpppppprrssNOPQH-MV-----------------------------------e--------------r---q--C-------------------------O-----000000000000000000100000000000000100000000000000000000000000000000000000100000000001010000000000000000000000100000000000010001000000000000000000001000---------------------------------------------------------llll-----------------------------------------------------------------------------------------
_SEEDS_111111111111111111111111111111111111111111111111111111111000000000000000000000000000000000000000000000000000000000000000000000000000000000000000000000000000000000000000000000000000000000000000000000000000000000000000000000000000000000000000000000000000000000000000000000000000000000000000000000000000000101010101000110000000000000011111100000000000000000000000000000000000000000000000000000000000000000000000000000000000000000000000000000000000000000000000000000000000000000000000000000000000000000000000000000000000000000000000000000000000000000000000000000000000000000000000000000000000000000000000000000000000000000000000000000000000000000000000000000000000000000000000000000000000000000000000000000000000000000000000000000000000000000000000000000111111111111111111111111111111111111111111111111111111111111100000000000000000000000000000000000000000000000000000000000000000000000000000000000000000-0020406080a0ccdefg0jkl0nop0rstjlnprtnnnnnnpppppprrssNOPQH-VV-----------------------------------------------------------------------------------------000000000000000000000000000000000000000000000000000000000000000000000000000000000000000000000000000000000000000000000000000000000000000000000000000000---------------------------------------------------------HHHH-----------------------------------------------------------------------------------------;1.0;0.1509325396825396;0.15540652033376479;0.9489767051897899;0.9771687624836121;0.09442472873979108;0.5544848760715829;0.1509325396825396;0.1509325396825396;21;101111111111111101111001111110111111011111111011111111111000001000010000000000000000100000000000000000000000000000000010000000000000000000000010001000000010000000000000100000010000000010001000000000000000000000000100000000000000001001010000100000000000000100000100000001000000000100000000000000000000000001010101000110001000100000001111100000000000000000000000000000100100000000000000101000000100000010000000000000000000100010000000000000000010000000001000010010100000000000000000001000000010000100010001100000000000001000001000001000000000000000000000100000000000000010000000000000000000001000000000001000100000000000100000000000000000000000000000000100000000100000000010010100000000000000000001000000000001000000000000000000000000000000000000000000111111111101111111111111111111111111111111111111111111111111100000100000000001000000000000011100000000000000010000000000000000000000100000001000000000-0020406080a0ccdefg0jkl0nop0rstjlnpr8nnnnnnpppppprrsiNOPQH-MV-----------------------------------e-----j----ç---r---q--C-------------------------O-----000000000000000000100000000000000100000000000000000000000000000000000000101100000001010000000000000000000000100000000000010000000000000000110000000000---------------------------------------------------------llll-----------------------------------------------------------------------------------------
_SEEDS_111111111111111111111111111111111111111111111111111111111000000000000000000000000000000000000000000000000000000000000000000000000000000000000000000000000000000000000000000000000000000000000000000000000000000000000000000000000000000000000000000000000000000000000000000000000000000000000000000000000000000101010101000110000000000000011111100000000000000000000000000000000000000000000000000000000000000000000000000000000000000000000000000000000000000000000000000000000000000000000000000000000000000000000000000000000000000000000000000000000000000000000000000000000000000000000000000000000000000000000000000000000000000000000000000000000000000000000000000000000000000000000000000000000000000000000000000000000000000000000000000000000000000000000000000000111111111111111111111111111111111111111111111111111111111111100000000000000000000000000000000000000000000000000000000000000000000000000000000000000000-0020406080a0ccdefg0jkl0nop0rstjlnprtnnnnnnpppppprrssNOPQH-VV-----------------------------------------------------------------------------------------000000000000000000000000000000000000000000000000000000000000000000000000000000000000000000000000000000000000000000000000000000000000000000000000000000---------------------------------------------------------HHHH-----------------------------------------------------------------------------------------;1.0;0.1538293650793653;0.021333333333333315;0.9622436647392999;0.9812866308296084;0.11989272557913959;0.5397642865934578;0.1538293650793653;0.1538293650793653;21;101111111111111101111011111010111111011111111011111111111000001000010000000000000000000000000000000000000000010000000010000000010000000000000010001000000010000000000000100000010000000010001000000000000000000000000101000000000000001010010000000000000000000100000000000001000000000100000000000000000000000001010101000110001000100000001111100000000000000000000000000000100000000000000000101000000100000010000000000000000000000010000000000000000010010000001000010010100000000000000000001000000010001100010001100000000000000000001000001000000000000000000000100000000001000010000000000000000000100000000000001000100000000000100000000000000000000000000000000100000000100000000010010100010000000000000001000000000001000000000000000000000000000100000000000000101111111101111111111111110111111111111111111111111111111111100000100100000000000000000000001100000000000000010000010000000000000000000001001000000000-0020406080a0ccdefg0jkl0nop0rstjlnpr8nnnnnnppppeprrssNOPWH-MV--------------------------------#--e--------------r---q--C-------------------------O-----000000000100000000000000000000000101000000000000000000000000000000000000100000000001010000000000000000000000100000000000010000000000000000010000000000---------------------------------------------------------llll-----------------------------------------------------------------------------------------
_SEEDS_111111111111111111111111111111111111111111111111111111111000000000000000000000000000000000000000000000000000000000000000000000000000000000000000000000000000000000000000000000000000000000000000000000000000000000000000000000000000000000000000000000000000000000000000000000000000000000000000000000000000000101010101000110000000000000011111100000000000000000000000000000000000000000000000000000000000000000000000000000000000000000000000000000000000000000000000000000000000000000000000000000000000000000000000000000000000000000000000000000000000000000000000000000000000000000000000000000000000000000000000000000000000000000000000000000000000000000000000000000000000000000000000000000000000000000000000000000000000000000000000000000000000000000000000000000111111111111111111111111111111111111111111111111111111111111100000000000000000000000000000000000000000000000000000000000000000000000000000000000000000-0020406080a0ccdefg0jkl0nop0rstjlnprtnnnnnnpppppprrssNOPQH-VV-----------------------------------------------------------------------------------------000000000000000000000000000000000000000000000000000000000000000000000000000000000000000000000000000000000000000000000000000000000000000000000000000000---------------------------------------------------------HHHH-----------------------------------------------------------------------------------------;1.0;0.1306746031746031;0.11367172333357745;0.9431221591676687;0.9730949166570114;0.11047183504835824;0.5451725395635365;0.1306746031746031;0.1306746031746031;21;101111111111111101111001111110111111011111111011111111111000001000010000000000000000100000000001000000000000000000000010000000000000000000000010001000000010000000000000100000010000000010001000000000000000000000000100000000000000001001010000100000000000000100000100000001000000000100000000000000000000000001010101000110101000100000000111100000000000000000000000001000100000000000000010101000000100000010000000000000000000000010000000000000000010000000001000010010100000000000000000001000000010000100010001100000000000000000001000001000000000010000000000100000000000000010000000000000000000001000000000001000100010000000100000000000000000000000000000000100000000100000000010010100000000000000000001000000000001000000000000000000000000000000000000000010111111111101111111111111111111111111111111111111111111111111100000100100000000000000000000001100000000000000010000000000000000000000000001001000000000-0t20406080a0ccdefg0jkl0nop0rstjlnpr8nnnnnnpppppprrssNOPQH-MV-----------------------------------e--------------r---q--C-------------------------O-ó---000000000000000000100000000000000100000000000000000000000000000000000000100000000001010000000000000000000000100000000000011001000000000000000000000000---------------------------------------------------------llll-----------------------------------------------------------------------------------------
_SEEDS_111111111111111111111111111111111111111111111111111111111000000000000000000000000000000000000000000000000000000000000000000000000000000000000000000000000000000000000000000000000000000000000000000000000000000000000000000000000000000000000000000000000000000000000000000000000000000000000000000000000000000101010101000110000000000000011111100000000000000000000000000000000000000000000000000000000000000000000000000000000000000000000000000000000000000000000000000000000000000000000000000000000000000000000000000000000000000000000000000000000000000000000000000000000000000000000000000000000000000000000000000000000000000000000000000000000000000000000000000000000000000000000000000000000000000000000000000000000000000000000000000000000000000000000000000000111111111111111111111111111111111111111111111111111111111111100000000000000000000000000000000000000000000000000000000000000000000000000000000000000000-0020406080a0ccdefg0jkl0nop0rstjlnprtnnnnnnpppppprrssNOPQH-VV-----------------------------------------------------------------------------------------000000000000000000000000000000000000000000000000000000000000000000000000000000000000000000000000000000000000000000000000000000000000000000000000000000---------------------------------------------------------HHHH-----------------------------------------------------------------------------------------;1.0;0.15204365079365068;0.1199093129197415;0.9544128091452507;0.9781686970058381;0.11734684382589616;0.5536468856150628;0.15204365079365068;0.15204365079365068;21;101111111111111101111011111110111110011111111011111111111000001000010000000000000000000000000000000000000000000000000010000000000000000000000010001000000010000000000000100000010000000010001000000000000000000000000100000000000000001010010000000000000000000100000100000001000000000100000000000000000000000001010101000110001000100000001111100000000000000000000000000000100000000000000000101000000100000010000000000000000000000010000000000000000010010000001000010010100000000000000000001000000010001100010001100000000000000000001000001000000000000000000000100000000001000010000000000000000000100000000000001000100000000000100000000000000000000000000000000100000000100000000010010100010000000000000001000000000001000000000000000000000000000000000000000010111111111101111111111111111111111111111111111111111111111111100000100100000000000000000000001100000000000000010000000000000000000000000001001000000000-0t20406080a0ccdefg0jkl0nop0rstjlnpr8nnnnnnpppppprrssNOPQH-MV-----------------------------------e--------------r---q--C-------------------------O-ó---000000000000000000100000000000000100000000000000000000000000000000000000100000000001010010000000000000000000100000000000011001000000000000000000000000---------------------------------------------------------llll-----------------------------------------------------------------------------------------
_SEEDS_111111111111111111111111111111111111111111111111111111111000000000000000000000000000000000000000000000000000000000000000000000000000000000000000000000000000000000000000000000000000000000000000000000000000000000000000000000000000000000000000000000000000000000000000000000000000000000000000000000000000000101010101000110000000000000011111100000000000000000000000000000000000000000000000000000000000000000000000000000000000000000000000000000000000000000000000000000000000000000000000000000000000000000000000000000000000000000000000000000000000000000000000000000000000000000000000000000000000000000000000000000000000000000000000000000000000000000000000000000000000000000000000000000000000000000000000000000000000000000000000000000000000000000000000000000111111111111111111111111111111111111111111111111111111111111100000000000000000000000000000000000000000000000000000000000000000000000000000000000000000-0020406080a0ccdefg0jkl0nop0rstjlnprtnnnnnnpppppprrssNOPQH-VV-----------------------------------------------------------------------------------------000000000000000000000000000000000000000000000000000000000000000000000000000000000000000000000000000000000000000000000000000000000000000000000000000000---------------------------------------------------------HHHH-----------------------------------------------------------------------------------------;1.0;0.15672619047619052;0.01533333333333331;0.9654741947753419;0.9833033385288715;0.12027223125251787;0.5401848813943758;0.15672619047619052;0.15672619047619052;21;101111111101111101111011111010111111011111111011111111111000001000010000000000000000000000000000000000000000010000000010000000010000000000000010001000000010000000000000100000010000000010001000000000000000000000000101000000000000001010010000000000000000000100000000000001000000000100000000000000000000000001010101000110001000100000001111100000000000000000000000000000100000000000000000101000000100000010000000000000000000000010000000000000000010010000001000010010100000000000000000001000000010001100010001100000000000000000001000001000000000000000000000100000000001000010000000000000000000100000000000001000100000000000100000000000000000000000000000000100000000100000000010010100010000000000000001000000000001000000000000000000000000000100000000000000101111111101111111111111110111111111111111111111111111111111100000100100000000000000000100001100000000000000010000010000000000000000000001001000000000-0020406080a0ccdefg0jkl0nop0rstjlnpr8nnnnnnppppeprrssNOPWH-MV--------------------------------#--Ç--------------r---q--C-------------------------O-----000000000100000000000000000000000101000000000000000000000000000000000000100000000000010000000000000000000000100000000000010000000000000000010000000000---------------------------------------------------------llll-----------------------------------------------------------------------------------------
_SEEDS_111111111111111111111111111111111111111111111111111111111000000000000000000000000000000000000000000000000000000000000000000000000000000000000000000000000000000000000000000000000000000000000000000000000000000000000000000000000000000000000000000000000000000000000000000000000000000000000000000000000000000101010101000110000000000000011111100000000000000000000000000000000000000000000000000000000000000000000000000000000000000000000000000000000000000000000000000000000000000000000000000000000000000000000000000000000000000000000000000000000000000000000000000000000000000000000000000000000000000000000000000000000000000000000000000000000000000000000000000000000000000000000000000000000000000000000000000000000000000000000000000000000000000000000000000000111111111111111111111111111111111111111111111111111111111111100000000000000000000000000000000000000000000000000000000000000000000000000000000000000000-0020406080a0ccdefg0jkl0nop0rstjlnprtnnnnnnpppppprrssNOPQH-VV-----------------------------------------------------------------------------------------000000000000000000000000000000000000000000000000000000000000000000000000000000000000000000000000000000000000000000000000000000000000000000000000000000---------------------------------------------------------HHHH-----------------------------------------------------------------------------------------;1.0;0.11488095238095253;0.06913530890520947;0.9314300724529851;0.9705980691545912;0.10631440324556309;0.5320598010232169;0.11488095238095253;0.11488095238095253;21;101111111111111101111001111110111111011111111011111111111000001000010000000000000000100000000001000000000000000000000010000000000000000000000010001000000010000000000000100000010000000010001000000000000000000000000100000000000010001001010000100000000000000100000100000001000000000100000000000000000000000001010101000110101000100000000111100000000000000000000000001000100000000000000010101000000100000010000000000000000000000010000000000000000010000000001000010010100000000000000000001000000010000100010001100000000000000000001000001000000000010000000000100000000000000010000000000000000000001000000000001000100010000000100000000000000000000000000000000100000000100000000010010100000000001000000001000001000001000000000000000000000000000000000000000010111111111101111111111111111111111111111111111111111111111111100000100100000000000000000000001100000000000000010000000000000000000000000001001000000000-0t20406080a0ccdefg0jkl0nop0rstjlnpr8nnnnnnpppppprrssNOPQH-MV------------------------------M----e--------------r---q--C----------------------&--O-ó---000000000000000000100000000000000100000000000000000000000000000000000000100000000001010000000010000000000000100000000000011001000001000000000000000000---------------------------------------------------------llll-----------------------------------------------------------------------------------------
_SEEDS_111111111111111111111111111111111111111111111111111111111000000000000000000000000000000000000000000000000000000000000000000000000000000000000000000000000000000000000000000000000000000000000000000000000000000000000000000000000000000000000000000000000000000000000000000000000000000000000000000000000000000101010101000110000000000000011111100000000000000000000000000000000000000000000000000000000000000000000000000000000000000000000000000000000000000000000000000000000000000000000000000000000000000000000000000000000000000000000000000000000000000000000000000000000000000000000000000000000000000000000000000000000000000000000000000000000000000000000000000000000000000000000000000000000000000000000000000000000000000000000000000000000000000000000000000000111111111111111111111111111111111111111111111111111111111111100000000000000000000000000000000000000000000000000000000000000000000000000000000000000000-0020406080a0ccdefg0jkl0nop0rstjlnprtnnnnnnpppppprrssNOPQH-VV-----------------------------------------------------------------------------------------000000000000000000000000000000000000000000000000000000000000000000000000000000000000000000000000000000000000000000000000000000000000000000000000000000---------------------------------------------------------HHHH-----------------------------------------------------------------------------------------;1.0;0.15450396825396828;0.18958211339209508;0.9454180836275615;0.9772093026981723;0.11047532963500632;0.5628647996011339;0.15450396825396828;0.15450396825396828;21;101111111111111101111001111110111111011111111011111111111000001000010000000000000000100000000001000000000000000000000010000000000000000010000010001000000010000000000000100000010000000010001000000000000000000000000100000000000000101000010000000000000000000100000100000001000000000100001000010000000000000001010101000110001000100000001111100000000000000000000000000000100000000000000000101000000100000010000000000000000000000010000000000000000010000000001000010010100000000000000000001000000010000100010001100000000000000000001000001000000000000000000000100000000000000010010000000000000000001000000000001000100000000000100000000000000000000000000000000100000000100000000010010100000000000000000001000000000001000000000100000000000000000000000000000000111111111101111111111111111111111111111111111111111111111111100000100000000000000000000000011100000000000000010000000000000000000000000000001000000000-0020406080a0ccdefg0jkl0nop0rstjlnpr8nnnnnnpppppprrssNOPQH-MV-----------------------------------e-----k--------r---q--C-------------------------O-----000000000000000000100000000000000100000000000000000000000000000000000000100000000001010000000000000000000000100000000000010001000000000000000000001000---------------------------------------------------------llll-----------------------------------------------------------------------------------------
_SEEDS_111111111111111111111111111111111111111111111111111111111000000000000000000000000000000000000000000000000000000000000000000000000000000000000000000000000000000000000000000000000000000000000000000000000000000000000000000000000000000000000000000000000000000000000000000000000000000000000000000000000000000101010101000110000000000000011111100000000000000000000000000000000000000000000000000000000000000000000000000000000000000000000000000000000000000000000000000000000000000000000000000000000000000000000000000000000000000000000000000000000000000000000000000000000000000000000000000000000000000000000000000000000000000000000000000000000000000000000000000000000000000000000000000000000000000000000000000000000000000000000000000000000000000000000000000000111111111111111111111111111111111111111111111111111111111111100000000000000000000000000000000000000000000000000000000000000000000000000000000000000000-0020406080a0ccdefg0jkl0nop0rstjlnprtnnnnnnpppppprrssNOPQH-VV-----------------------------------------------------------------------------------------000000000000000000000000000000000000000000000000000000000000000000000000000000000000000000000000000000000000000000000000000000000000000000000000000000---------------------------------------------------------HHHH-----------------------------------------------------------------------------------------;1.0;0.14515873015873015;0.1399460379540205;0.9594019458214145;0.9818851859641333;0.13724361302226176;0.5606059188200934;0.14515873015873015;0.14515873015873015;21;101111111111111101111011111110111111011111111011111111011000001000010000000000000000000000000000000000000000000000000010000000000000000000010010001000000010000000000000100000010000000010001000000000000000000000000100000000000000001000010000000000000000000100000100000001000000000100000000000000000000000001010101000110100000100000000111100000001000000000000000001000100000000000000010101000000100000010000000000000000000000010000000000000000010000000001000010010100000000000000000001000000010000100010001100000000000000000001000001000000000010000000000100000000000000010000000000000000000001000000000001000100010000000100000000000000000000000000000000100000000100000000010010100000000000000100001000000000001000000000000000000000000000000000000000010111111111101111111111111111111111111111111111111111111111111100000100100000000000000000000001100000000000010010000000000000000000000000001001000000000-0t20406080a0ccdefg0jkl0nop0rstjlnpr8nnnnnnpppppprrssNOPQH-MV-----------------------------------e--------------r---q--C---m---------------------O-ó---000000000000000000100000000000000100000000000000000000000000000000000000100000000001010000000000000000000000100000000000011001000000000000000000000000---------------------------------------------------------llll-----------------------------------------------------------------------------------------
_SEEDS_111111111111111111111111111111111111111111111111111111111000000000000000000000000000000000000000000000000000000000000000000000000000000000000000000000000000000000000000000000000000000000000000000000000000000000000000000000000000000000000000000000000000000000000000000000000000000000000000000000000000000101010101000110000000000000011111100000000000000000000000000000000000000000000000000000000000000000000000000000000000000000000000000000000000000000000000000000000000000000000000000000000000000000000000000000000000000000000000000000000000000000000000000000000000000000000000000000000000000000000000000000000000000000000000000000000000000000000000000000000000000000000000000000000000000000000000000000000000000000000000000000000000000000000000000000111111111111111111111111111111111111111111111111111111111111100000000000000000000000000000000000000000000000000000000000000000000000000000000000000000-0020406080a0ccdefg0jkl0nop0rstjlnprtnnnnnnpppppprrssNOPQH-VV-----------------------------------------------------------------------------------------000000000000000000000000000000000000000000000000000000000000000000000000000000000000000000000000000000000000000000000000000000000000000000000000000000---------------------------------------------------------HHHH-----------------------------------------------------------------------------------------;1.0;0.15722222222222215;0.2862960468932222;0.9683848901707836;0.9842836367836368;0.11741483712898478;0.5856002721998083;0.15722222222222215;0.15722222222222215;21;101111111111111101111011111110111111011111111011111111111000001000000000000000000000000000000000000000000000000000000010000000000000000000000010001000000010000000000000100000010000000010001000000000000000000000000100000000000000001010010000000000000000000100000100000001000000000100000000000000000000000001010101000110001000100000001111100000000000000000000000000000100000000000000000101000000100000010100000000000000000000010000000000000000010000000001000010010100000000000000000001000000010001100010001100000000000000000001000001000000000000000000000100000000001000010000000000000000000100000000000001000100000000000100000000000000000000000000000000100000000100000000010010100010000000000000001000000000001000000000000000000000000000000000000000010101111111101111111111111110111111111111111111111111111111111100000100100000000000000000000001100000000000000010000000000000000000000000001001000000000-0020406080a0ccdefg0jkl0nop0rstjlnpr8nnnnnnpppppprrssNOPQH-MV-----------------------------------e--------------r---q--C-------------------------O-----000000000000000000000000000000000100000000000000000000000000000001000000100000000001010000000000000000000000100000000000010001000000000000000000001000---------------------------------------------------------llll-----------------------------------------------------------------------------------------
_SEEDS_111111111111111111111111111111111111111111111111111111111000000000000000000000000000000000000000000000000000000000000000000000000000000000000000000000000000000000000000000000000000000000000000000000000000000000000000000000000000000000000000000000000000000000000000000000000000000000000000000000000000000101010101000110000000000000011111100000000000000000000000000000000000000000000000000000000000000000000000000000000000000000000000000000000000000000000000000000000000000000000000000000000000000000000000000000000000000000000000000000000000000000000000000000000000000000000000000000000000000000000000000000000000000000000000000000000000000000000000000000000000000000000000000000000000000000000000000000000000000000000000000000000000000000000000000000111111111111111111111111111111111111111111111111111111111111100000000000000000000000000000000000000000000000000000000000000000000000000000000000000000-0020406080a0ccdefg0jkl0nop0rstjlnprtnnnnnnpppppprrssNOPQH-VV-----------------------------------------------------------------------------------------000000000000000000000000000000000000000000000000000000000000000000000000000000000000000000000000000000000000000000000000000000000000000000000000000000---------------------------------------------------------HHHH-----------------------------------------------------------------------------------------;1.0;0.14710317460317468;0.08671817712638519;0.9528236970785302;0.9747546231545089;0.11654752540913216;0.5463245328952885;0.14710317460317468;0.14710317460317468;21;101111111111111101111001111110111111011111111011111111111000001000010000000000000000100000000000000000000000000000000010000000000000000000000010001000000010000000000000100000010000000010001000000000000000000000000100000000000000001001010000100000000000000100000100000001000000000100000000000000000000000001010101000110001000100000001111100000000000000000000000000000100100000000000000101000000100000010000000000000000000100010000000000000000010000000001000010010100000000000000000001000000010000100010001100000000000001000001000001000000000000000000000100000000000000010000001000000000000001000000000001000100000000000100000000000000000000000000000000100000000100000000010010100000000000000000001000000000001000000000000000000000000000000000000000000111111111101111111111111111111111111111111111111111111111111100000100000000001000000000000011100000000000000010000000000000000000000100000001000000000-0020406080a0ccdefg0jkl0nop0rstjlnpr8nnnnnnppppeprrssNOPWH-MV--------------------------------#--e--------------r---qF-C-------------------------O-----000000000100000000000000000000000101000000000000000000000000000000000000100000000101010000000000000000000000100000000000010000000000000000010000000000---------------------------------------------------------llll-----------------------------------------------------------------------------------------
_SEEDS_111111111111111111111111111111111111111111111111111111111000000000000000000000000000000000000000000000000000000000000000000000000000000000000000000000000000000000000000000000000000000000000000000000000000000000000000000000000000000000000000000000000000000000000000000000000000000000000000000000000000000101010101000110000000000000011111100000000000000000000000000000000000000000000000000000000000000000000000000000000000000000000000000000000000000000000000000000000000000000000000000000000000000000000000000000000000000000000000000000000000000000000000000000000000000000000000000000000000000000000000000000000000000000000000000000000000000000000000000000000000000000000000000000000000000000000000000000000000000000000000000000000000000000000000000000111111111111111111111111111111111111111111111111111111111111100000000000000000000000000000000000000000000000000000000000000000000000000000000000000000-0020406080a0ccdefg0jkl0nop0rstjlnprtnnnnnnpppppprrssNOPQH-VV-----------------------------------------------------------------------------------------000000000000000000000000000000000000000000000000000000000000000000000000000000000000000000000000000000000000000000000000000000000000000000000000000000---------------------------------------------------------HHHH-----------------------------------------------------------------------------------------;1.0;0.14553571428571443;0.11108658259359883;0.9555532192592348;0.9812212067016164;0.10112851737491822;0.5490875400358471;0.14553571428571443;0.14553571428571443;21;101111111111111101111011111110111111011111111011111111111000001000010000000000000000000000000000000000000000000000000010000000000000000000000010001000000010000000000000100000010000000010001000000000000000000000000100000000000000001000010000000000000000000100000100000001000000000100000000000000000000000001010101000110001000100000001111100000000000000000000000000000100000000000000000101000000100000010000000000000000000000010000000000000000010000000001000010010100000000000000000001000000010000100010001100000000000000000001000001000000000000000000000100000000000000010000000000000000000001000000000001000100000000000100000000000000000000000000000000100000000100000000010010100000000000000000001000000000001000000000000000000000000000000000000000000111111111101111111111111111111111111111111111111111111111111100000100000000000000000000000011100000000000000010000000000000000000000000000001000000000-0020406080a0ccdefg0jkl0nop0rstjlnpr8nnnnnnpppppprrssNOPQH-MV-----------------------------------e--------------r---q--C-------------------------O-----000000000000000000100000000000000100000000000000000000000000000000000000100000000001010000000000000000000000100000000000010001000000000000000000001000---------------------------------------------------------llll-----------------------------------------------------------------------------------------
_SEEDS_111111111111111111111111111111111111111111111111111111111000000000000000000000000000000000000000000000000000000000000000000000000000000000000000000000000000000000000000000000000000000000000000000000000000000000000000000000000000000000000000000000000000000000000000000000000000000000000000000000000000000101010101000110000000000000011111100000000000000000000000000000000000000000000000000000000000000000000000000000000000000000000000000000000000000000000000000000000000000000000000000000000000000000000000000000000000000000000000000000000000000000000000000000000000000000000000000000000000000000000000000000000000000000000000000000000000000000000000000000000000000000000000000000000000000000000000000000000000000000000000000000000000000000000000000000111111111111111111111111111111111111111111111111111111111111100000000000000000000000000000000000000000000000000000000000000000000000000000000000000000-0020406080a0ccdefg0jkl0nop0rstjlnprtnnnnnnpppppprrssNOPQH-VV-----------------------------------------------------------------------------------------000000000000000000000000000000000000000000000000000000000000000000000000000000000000000000000000000000000000000000000000000000000000000000000000000000---------------------------------------------------------HHHH-----------------------------------------------------------------------------------------;1.0;0.1738888888888891;0.027954545454545454;0.9602862980841926;0.9734280072466076;0.09378682304924268;0.5382240937872462;0.1738888888888891;0.1738888888888891;21;101111111111111111111011111110111111001111111011111111111000001000010000000000000000000000000000000000000000000000000010010000000000000000000010001000000010000000000000100000010000000010001000000000000000000000000100000000000000001000010000000000000000000100000100000001000000000100000000000000000000000101010101000110001000100000001111100000000000000000000000000000100000000000000000101000000100000010000000000000000000000010000000000000000010000000001000010010000000000000000000001000000010000100010001100000000000010000001000000000000000000000000000100000010000000010000000000000000000001000000000001000100000000000100000000000000000000000000000000100000000100000000010010100000000000000000001000000000001000000000000000000000000000000000000000000111111111101111111111111111111111111111111111111111111111111100000100000000000000000000000000000000000100000000000101010000000000000000000000000000000e0020406080a0Xcdefg0M1l0nov0rstjlnpr8nnnMnnpppppprrjsNOPQH-VV-----------K--------------i------------------------------C-------------------------O--R--000000000001000000100000000000000100000000000000000000000000000000000000100000000001000000000000000000010000100000000000010000000000000000010000000000---------------------------------------------------------llll-----------------------------------------------------------------------------------------
_SEEDS_111111111111111111111111111111111111111111111111111111111000000000000000000000000000000000000000000000000000000000000000000000000000000000000000000000000000000000000000000000000000000000000000000000000000000000000000000000000000000000000000000000000000000000000000000000000000000000000000000000000000000101010101000110000000000000011111100000000000000000000000000000000000000000000000000000000000000000000000000000000000000000000000000000000000000000000000000000000000000000000000000000000000000000000000000000000000000000000000000000000000000000000000000000000000000000000000000000000000000000000000000000000000000000000000000000000000000000000000000000000000000000000000000000000000000000000000000000000000000000000000000000000000000000000000000000111111111111111111111111111111111111111111111111111111111111100000000000000000000000000000000000000000000000000000000000000000000000000000000000000000-0020406080a0ccdefg0jkl0nop0rstjlnprtnnnnnnpppppprrssNOPQH-VV-----------------------------------------------------------------------------------------000000000000000000000000000000000000000000000000000000000000000000000000000000000000000000000000000000000000000000000000000000000000000000000000000000---------------------------------------------------------HHHH-----------------------------------------------------------------------------------------;1.0;0.15682539682539687;0.22973406168205635;0.9601346695057059;0.9820821530579621;0.10203336664341545;0.5718016079524229;0.15682539682539687;0.15682539682539687;21;101111111111111101111011111110111111011111111011111111111000001000010000000000000000000000000000000000000000000000000010000000000000000000000010001000000010000000000000100000010000000010001000000000000000000000000100000000000000001000010000000000000000000100000100000001000000000100000000000000000000000001010101000110001000100000001111100000000000000000000000000000100000000000000000101000000100000010000000000000000000000010000000000000000010000000001000010010100000000000000000001000000010000100010001100000000000000000001000001000000000000000000000100000000000000010000000000000000000001000000000001000100000000000100000000000000000000000000000000100000000100000000010010100000000000000000001000000000001000000000000000000000000000000000000000000111111111101111111111111111111111111111111111111111111111111100000100100000000000000000000001100000000000000010000000000000000000000000001001000000000-0020406080a0ccdefg0jkl0nop0rstjlnpr8nnnnnnpppppprrssNOPQH-MV-----------------------------------e--------------r---q--C-------------------------O-----000000000000000000100000000000000100000000000000000000000000000000000000100000000001010000000000000000000000100000000000011001000000000000000000000000---------------------------------------------------------llll-----------------------------------------------------------------------------------------
_SEEDS_111111111111111111111111111111111111111111111111111111111000000000000000000000000000000000000000000000000000000000000000000000000000000000000000000000000000000000000000000000000000000000000000000000000000000000000000000000000000000000000000000000000000000000000000000000000000000000000000000000000000000101010101000110000000000000011111100000000000000000000000000000000000000000000000000000000000000000000000000000000000000000000000000000000000000000000000000000000000000000000000000000000000000000000000000000000000000000000000000000000000000000000000000000000000000000000000000000000000000000000000000000000000000000000000000000000000000000000000000000000000000000000000000000000000000000000000000000000000000000000000000000000000000000000000000000111111111111111111111111111111111111111111111111111111111111100000000000000000000000000000000000000000000000000000000000000000000000000000000000000000-0020406080a0ccdefg0jkl0nop0rstjlnprtnnnnnnpppppprrssNOPQH-VV-----------------------------------------------------------------------------------------000000000000000000000000000000000000000000000000000000000000000000000000000000000000000000000000000000000000000000000000000000000000000000000000000000---------------------------------------------------------HHHH-----------------------------------------------------------------------------------------;1.0;0.1525992063492061;0.18725210086652733;0.9600727720956372;0.9791281253301879;0.1134493261420952;0.5654169217972757;0.1525992063492061;0.1525992063492061;21;101111111111111101111011111110111111011111111011111011111000001000010000000000000000000000000000000000000000000000000010000000000000000000000010001000000010000000000000100000010000000010001000000000000000000000000100000000000000001000010000000000000000000100000100000001000000000100000000000000000000000001010101000110001000100000001111100000000000000000000000000000100000000000000000101000010100000010000000000000000000000010000000000000000010000000001000010010100000000000000000001000000010000100010001100100000000000000001000001000000000000000000000100000000000000010000000000000000000001000010000001000100000000000100000000000000000000000000000000100000000100000000010010100000000000000000001000000000001000000000000001000000000001000000000000000111111111101111111111111111111111111111111111111111111111111100000000000000000000000000000011100000000000000010000000000000000000000000000001000000000-0020406080a0Xcdefg0Mkl0nov0rstjlnpr8nnnMnnpppppprrjsNOPQH-VV-----------K---------------------------------------------C---------------------g---O--R--000000000001000000100000000000000100000000000000000000000000000000000000100000000001000000000000000000000000100000000000010000000000000000010000000000---------------------------------------------------------llll-----------------------------------------------------------------------------------------
_SEEDS_111111111111111111111111111111111111111111111111111111111000000000000000000000000000000000000000000000000000000000000000000000000000000000000000000000000000000000000000000000000000000000000000000000000000000000000000000000000000000000000000000000000000000000000000000000000000000000000000000000000000000101010101000110000000000000011111100000000000000000000000000000000000000000000000000000000000000000000000000000000000000000000000000000000000000000000000000000000000000000000000000000000000000000000000000000000000000000000000000000000000000000000000000000000000000000000000000000000000000000000000000000000000000000000000000000000000000000000000000000000000000000000000000000000000000000000000000000000000000000000000000000000000000000000000000000111111111111111111111111111111111111111111111111111111111111100000000000000000000000000000000000000000000000000000000000000000000000000000000000000000-0020406080a0ccdefg0jkl0nop0rstjlnprtnnnnnnpppppprrssNOPQH-VV-----------------------------------------------------------------------------------------000000000000000000000000000000000000000000000000000000000000000000000000000000000000000000000000000000000000000000000000000000000000000000000000000000---------------------------------------------------------HHHH-----------------------------------------------------------------------------------------;1.0;0.1358531746031748;0.021192528735632155;0.952653819115223;0.9798327091025749;0.1098214176431087;0.5332256081999522;0.1358531746031748;0.1358531746031748;6;101111111111111101111011111110111111011111111011111111111000001000010000000000000000000000000000000000000000000000000010000000000100000000000010001000000010000000000000100000010000000010001000000000000000000000000100000000000000001000010000000000000000000100001100000001000000000100000000000000000000100001010101000110001000100000001111100000000000000000000000000000100000000000000000101000000100000010001000000010000000000010000000000000000010000000001000010010100000000000000000001000000010000100010001100000000010000000001000001000000000000000000000100000000000000010000000000000000000001000000000001000100000000000100000000000000000000000000000000100000000100000000010010100000000000000000001000000000001000000000000000000000100000000000000000000111111111101111111111111111111011111111111011111111111111111100000000000000000000000000000000000000000000000001000001010000000000000000100000000000000e0020406080a0Xcdefg0Mkl0nov0rstjlnpr8nnnnnnpppppprrssNOPQH-VV-------------------------------------------------h----q--C-------------------------O-----000000000000000000100000000000000100000000000000000000000000000000000000101000000001010000000000000000000000100000010000010001000000000000000000000010---------------------------------------------------------6666-----------------------------------------------------------------------------------------
_SEEDS_111111111111111111111111111111111111111111111111111111111000000000000000000000000000000000000000000000000000000000000000000000000000000000000000000000000000000000000000000000000000000000000000000000000000000000000000000000000000000000000000000000000000000000000000000000000000000000000000000000000000000101010101000110000000000000011111100000000000000000000000000000000000000000000000000000000000000000000000000000000000000000000000000000000000000000000000000000000000000000000000000000000000000000000000000000000000000000000000000000000000000000000000000000000000000000000000000000000000000000000000000000000000000000000000000000000000000000000000000000000000000000000000000000000000000000000000000000000000000000000000000000000000000000000000000000111111111111111111111111111111111111111111111111111111111111100000000000000000000000000000000000000000000000000000000000000000000000000000000000000000-0020406080a0ccdefg0jkl0nop0rstjlnprtnnnnnnpppppprrssNOPQH-VV-----------------------------------------------------------------------------------------000000000000000000000000000000000000000000000000000000000000000000000000000000000000000000000000000000000000000000000000000000000000000000000000000000---------------------------------------------------------HHHH-----------------------------------------------------------------------------------------;1.0;0.1260515873015874;0.15450661737765592;0.9410593193140857;0.9732231764355039;0.12163934235949117;0.552746673798054;0.1260515873015874;0.1260515873015874;21;101111111111111101111011111110111111011111111011111111111000001000010000000000000000000000000000000000000000000000000010000000000000000000000010001000000010000000000000100000010000000010001000000000000000000100000100000000000000001001010000000000000000000100000100000001000000000100000100000000000000000001010101000110001000100000001111100000000000000000000000010000100000000000000000101000000100000010000000000000000000000010000000000000000010000000001000010010100000000000000000001000000010000100010001100000000000000000001000001000000000000000000000100000000000000010000000000000000000000000000000001000100000000000100000000000000000000000000000000100000000100000000010010100000000000000000001000000000001000000000000000000000000000000000000000000111111111101111111111111110111111111111111111111111111111111100000100100000000000000000000001100000000000000010000000000000000000000000001001000000000-0020406080a0ccdefg0jkl0nop0rstjlnpr8nnnnnnpppppprrssNOPQH-MV-----------------------------------e--------------r---q--C-------------------------O-----000000000000000000100000000000000100000000000000000000000000000000000000100000000001010000000000000000000000100000000000011001000000000000000000000000---------------------------------------------------------llll-----------------------------------------------------------------------------------------
_SEEDS_111111111111111111111111111111111111111111111111111111111000000000000000000000000000000000000000000000000000000000000000000000000000000000000000000000000000000000000000000000000000000000000000000000000000000000000000000000000000000000000000000000000000000000000000000000000000000000000000000000000000000101010101000110000000000000011111100000000000000000000000000000000000000000000000000000000000000000000000000000000000000000000000000000000000000000000000000000000000000000000000000000000000000000000000000000000000000000000000000000000000000000000000000000000000000000000000000000000000000000000000000000000000000000000000000000000000000000000000000000000000000000000000000000000000000000000000000000000000000000000000000000000000000000000000000000111111111111111111111111111111111111111111111111111111111111100000000000000000000000000000000000000000000000000000000000000000000000000000000000000000-0020406080a0ccdefg0jkl0nop0rstjlnprtnnnnnnpppppprrssNOPQH-VV-----------------------------------------------------------------------------------------000000000000000000000000000000000000000000000000000000000000000000000000000000000000000000000000000000000000000000000000000000000000000000000000000000---------------------------------------------------------HHHH-----------------------------------------------------------------------------------------;1.0;0.18273809523809514;0.2781537573227606;0.9654819087351464;0.9790164055120552;0.0886663617700189;0.5823427547630127;0.18273809523809514;0.18273809523809514;21;101111111111111101111011111110111111011111111011111111111000001000010000000000000000000000000000000000000000000000000010000000000000000000000010001000000010000000000000100000010000000010001000000000000000000000000100000000000000001000010000000000000000000100000100000001000000000100000000000000000000000001010101000110001000100000001111100000000000000000000000000000100100000000000000101000000100000010000000000000000000000010000000000000000010000000001000010010100000000000000000001000000010000100010001100000010000000000001000001000000000000000000000100000000000000010000000000000000000001000000000001000100000000000100000000000000000000000000000000100000000100000000010010100000000000000000001000000000001000000000000000000000000000000000000000000111111111101111111111111111111111111111111111111111111111111100000100000000001000000000000011100000000000000010000000000000000000000100000001000000000-0020406080a0ccdefg0jkl0nop0rstjlnpr8nnnnnnpppppprrsiNOPQH-MV-----------------------------------e-----j----ç---r---q--C-------------------------O-----000000000000000000100000000000000100000000000000000000000000000000000000101000000001010000000000000000000000100000000000010000000000000000110000000000---------------------------------------------------------llll-----------------------------------------------------------------------------------------
_SEEDS_111111111111111111111111111111111111111111111111111111111000000000000000000000000000000000000000000000000000000000000000000000000000000000000000000000000000000000000000000000000000000000000000000000000000000000000000000000000000000000000000000000000000000000000000000000000000000000000000000000000000000101010101000110000000000000011111100000000000000000000000000000000000000000000000000000000000000000000000000000000000000000000000000000000000000000000000000000000000000000000000000000000000000000000000000000000000000000000000000000000000000000000000000000000000000000000000000000000000000000000000000000000000000000000000000000000000000000000000000000000000000000000000000000000000000000000000000000000000000000000000000000000000000000000000000000111111111111111111111111111111111111111111111111111111111111100000000000000000000000000000000000000000000000000000000000000000000000000000000000000000-0020406080a0ccdefg0jkl0nop0rstjlnprtnnnnnnpppppprrssNOPQH-VV-----------------------------------------------------------------------------------------000000000000000000000000000000000000000000000000000000000000000000000000000000000000000000000000000000000000000000000000000000000000000000000000000000---------------------------------------------------------HHHH-----------------------------------------------------------------------------------------;1.0;0.13615079365079386;0.0;0.9406544139557201;0.9702923858344026;0.10743599234512767;0.5257555976310074;0.13615079365079386;0.13615079365079386;37;101111111111111101111011111110111111011111111011111011111000001000010000000000000000000000000000000000000000000000000010000000000000000000000010001000000010000000000000100000010000000010001000000000000000000000000100000000000000001000010000000000000000000100000100000001000000000100000000000000000000000001010101000110001000100000001111100000000000000000000000000000100000000000000000101000010100000010000000000000000000000010100000000000000010000000001000010010100000000000000000001000000010000100010001100100000000000000001000001000000000000000000000100000000000000010000000000000000000001000010000001000100000000000100000000000000000000000000000000100000000100000000010010100000000000000000001000000000001000000000000001000000000000000000000000000111111111111111111111111111111011111111111011111111111111111100000000000000000000000000000000000000000000000001000001010000000000000000000000000000000e002040608Ka0Xcdefg0Mkl0nov0rstjlnpr8nnnnnnpppppprrssNOPQH-VV------------------------------------------------------q--C-------------------------O-----000000000000000000100000000000101100000000000000000000000000000010000000100000000001010100000000000000000000100000000000010001000000000000000000000010---------------------------------------------------------BBBB-----------------------------------------------------------------------------------------
_SEEDS_111111111111111111111111111111111111111111111111111111111000000000000000000000000000000000000000000000000000000000000000000000000000000000000000000000000000000000000000000000000000000000000000000000000000000000000000000000000000000000000000000000000000000000000000000000000000000000000000000000000000000101010101000110000000000000011111100000000000000000000000000000000000000000000000000000000000000000000000000000000000000000000000000000000000000000000000000000000000000000000000000000000000000000000000000000000000000000000000000000000000000000000000000000000000000000000000000000000000000000000000000000000000000000000000000000000000000000000000000000000000000000000000000000000000000000000000000000000000000000000000000000000000000000000000000000111111111111111111111111111111111111111111111111111111111111100000000000000000000000000000000000000000000000000000000000000000000000000000000000000000-0020406080a0ccdefg0jkl0nop0rstjlnprtnnnnnnpppppprrssNOPQH-VV-----------------------------------------------------------------------------------------000000000000000000000000000000000000000000000000000000000000000000000000000000000000000000000000000000000000000000000000000000000000000000000000000000---------------------------------------------------------HHHH-----------------------------------------------------------------------------------------;1.0;0.1511111111111112;0.13429645289552694;0.9498028357762638;0.9744388502275805;0.09257651719833643;0.5503709612014698;0.1511111111111112;0.1511111111111112;21;101111111111111101111011111110111011011111111011111111111000001000010000000000000000000000000000000000000000000000000010000000000000000000000010001000000010000000000000100000010000000010001000000000000000000000000100000000000000001010010000000000000000000100000100000001000000000100000000000000000000000001010101000110001000100000001111100000000000000000000000000000100000000000000000101000000100000010000000000000000000000010000000000000000010010000001000010010100000000000000000001000000010001100010001100000000000000000001000001000000000000000000000100000000001000010000000000000000000100000000000001000100000000000100000000000000000000000000000000100000000100000000010010100000000000000000001000000000001000000000000000000000000000000000000000000111111111101111111111111110111111111111111111111111111111111100000100100000000000000000000001100000000000000010000000000000000000000000001001000000000-0020406080a0ccdefg0jkl0nop0rstjlnpr8nnnnnnpppppprrssNOPQH-MV-----------------------------------e--------------r---q--C-------------------------O-----000000000000000000100000000000000100000000000000000000000000000000000000100000000001010000000000000000000000100000000000011001000100000000000000000000---------------------------------------------------------llll-----------------------------------------------------------------------------------------
_SEEDS_111111111111111111111111111111111111111111111111111111111000000000000000000000000000000000000000000000000000000000000000000000000000000000000000000000000000000000000000000000000000000000000000000000000000000000000000000000000000000000000000000000000000000000000000000000000000000000000000000000000000000101010101000110000000000000011111100000000000000000000000000000000000000000000000000000000000000000000000000000000000000000000000000000000000000000000000000000000000000000000000000000000000000000000000000000000000000000000000000000000000000000000000000000000000000000000000000000000000000000000000000000000000000000000000000000000000000000000000000000000000000000000000000000000000000000000000000000000000000000000000000000000000000000000000000000111111111111111111111111111111111111111111111111111111111111100000000000000000000000000000000000000000000000000000000000000000000000000000000000000000-0020406080a0ccdefg0jkl0nop0rstjlnprtnnnnnnpppppprrssNOPQH-VV-----------------------------------------------------------------------------------------000000000000000000000000000000000000000000000000000000000000000000000000000000000000000000000000000000000000000000000000000000000000000000000000000000---------------------------------------------------------HHHH-----------------------------------------------------------------------------------------;1.0;0.15047619047619054;0.18795592766812597;0.9431538746337372;0.9711893439681775;0.10225663249311863;0.5591719948732249;0.15047619047619054;0.15047619047619054;53;101111111111111101111011111110111111011111111111111111111000001000010000000000000000000000000000000000000000100000000010000000000100000000000010001000000010000000000000100000010000000010001000000000000000000000000100000000100000001000010000000000000000000100001100000001000000000100000000000000000000100001010101000110001000100000001111100000000000000000000000000000100000000000000000101000000100000010001000000010000000000010000000000000000010000000001000010010100000000000000000001000000010000100010001100000000010000000001000001000000000000000000000100000000000000010000000000000000001001000000000001000100000000000100000000000000000000000000000000100000000100000000010010100000000000000000001000000000001000000000000000000000100000000000000000000111111111101111111111111111111011111111111011111111111111111100000100000000000000000000000011100000000000000010000000000000000000000000000001000000000-0020406080a0ccdefg0jkl0nop0rstjSnpatnnnnnnpppppprrsíNOkQH-VV---------------------------------Ù--------R------------E----------L----------------------000000000000000000000000000000000000000000000000000000000000000001000000000000000000000000000001000000000000000000000000010000010000000100000000000001---------------------------------------------------------RRRR-----------------------------------------------------------------------------------------
_SEEDS_111111111111111111111111111111111111111111111111111111111000000000000000000000000000000000000000000000000000000000000000000000000000000000000000000000000000000000000000000000000000000000000000000000000000000000000000000000000000000000000000000000000000000000000000000000000000000000000000000000000000000101010101000110000000000000011111100000000000000000000000000000000000000000000000000000000000000000000000000000000000000000000000000000000000000000000000000000000000000000000000000000000000000000000000000000000000000000000000000000000000000000000000000000000000000000000000000000000000000000000000000000000000000000000000000000000000000000000000000000000000000000000000000000000000000000000000000000000000000000000000000000000000000000000000000000111111111111111111111111111111111111111111111111111111111111100000000000000000000000000000000000000000000000000000000000000000000000000000000000000000-0020406080a0ccdefg0jkl0nop0rstjlnprtnnnnnnpppppprrssNOPQH-VV-----------------------------------------------------------------------------------------000000000000000000000000000000000000000000000000000000000000000000000000000000000000000000000000000000000000000000000000000000000000000000000000000000---------------------------------------------------------HHHH-----------------------------------------------------------------------------------------;1.0;0.1470436507936509;0.18566101143042857;0.9562230312839798;0.9827720426543956;0.13310209193571695;0.5674669713496954;0.1470436507936509;0.1470436507936509;53;101111111111111101111011111110111111011111111011111111111000001000010000000000000000000000000000000000000000000000000010000000000000000000000010001000000010000000000000100000010000100010001000000000000000000000000100000000000000001000010000000000000000000100000100000001000000000100000000000000000000000101010101000100001000100000001111100000000000000000000000000000100000000000000000101000000100000010000000000001000000000010000000000000000010000000001000010010000000000001000000001000000010000100010001100000000000000000001000000000000000000000000000100000000000000010000000100000000000001000000000001000100000000000100000000000000000000000000000000100000000100000000010010100000000000000000001000000000001000000000000000000000000000000000000000000111111111101111111111111111101111111111111111111111111111111100000100000000000000000000010011100000000000000010000000000000000000000000000001100000000-0020406080a0ccdefg0jkl0nop0rstjlnpatnnnnnnpppppprrsíNOPQH-VV---------------------------------Ù--------R------------E----------L----------------------000000000000000000000000000000000000000000000000000000000000000001000000000000000000000000000001000000000000000000000000010000010000000100000000000001---------------------------------------------------------RRRR-----------------------------------------------------------------------------------------
_SEEDS_111111111111111111111111111111111111111111111111111111111000000000000000000000000000000000000000000000000000000000000000000000000000000000000000000000000000000000000000000000000000000000000000000000000000000000000000000000000000000000000000000000000000000000000000000000000000000000000000000000000000000101010101000110000000000000011111100000000000000000000000000000000000000000000000000000000000000000000000000000000000000000000000000000000000000000000000000000000000000000000000000000000000000000000000000000000000000000000000000000000000000000000000000000000000000000000000000000000000000000000000000000000000000000000000000000000000000000000000000000000000000000000000000000000000000000000000000000000000000000000000000000000000000000000000000000111111111111111111111111111111111111111111111111111111111111100000000000000000000000000000000000000000000000000000000000000000000000000000000000000000-0020406080a0ccdefg0jkl0nop0rstjlnprtnnnnnnpppppprrssNOPQH-VV-----------------------------------------------------------------------------------------000000000000000000000000000000000000000000000000000000000000000000000000000000000000000000000000000000000000000000000000000000000000000000000000000000---------------------------------------------------------HHHH-----------------------------------------------------------------------------------------;1.0;0.13755952380952363;0.07170609218193313;0.9458594174675728;0.9751739357411824;0.10475130926632838;0.5391750464110902;0.13755952380952363;0.13755952380952363;21;101111111111111101111011111110011111011111111011011111011000001000010000000000000000000000000000000000000000000000000010000000000000000000010010000000000010000000000000100000010000000010001000000000000010000000000100000000000000001000010000000000000000000100000100000001000000000100000000000000000000000001010101000110001000100000001111100000000000000000000000000000100100000000000000101000000100000010000000000000000000000010000000000000000110000000001000010010100000000000000000001000000010000100010001100000010000000000001000001000000000000000000000000000000000001010000000000000000000001000000000001000100000000000100000000000000000000000000000000100000000100000000010010100000000000000000001000000000001000000000000000000000000000000000000000000111111111101111111111111111111111111111111111111111111111111100000100000000001000000000000011100000000000000010000000000000000000000100000001000000000-0020406080a0ccMefg0jkl0nop0rstjlnpr8nnnnknpppppprrsiNOPQH-MV-----------------------------------e--------------r---q--C-------------------------O-----000000000000000000100000000000000100000000000000000000000000000000000000100000000001010000000000000000010000100000000000010001000000000000000000001000---------------------------------------------------------llll-----------------------------------------------------------------------------------------
_SEEDS_111111111111111111111111111111111111111111111111111111111000000000000000000000000000000000000000000000000000000000000000000000000000000000000000000000000000000000000000000000000000000000000000000000000000000000000000000000000000000000000000000000000000000000000000000000000000000000000000000000000000000101010101000110000000000000011111100000000000000000000000000000000000000000000000000000000000000000000000000000000000000000000000000000000000000000000000000000000000000000000000000000000000000000000000000000000000000000000000000000000000000000000000000000000000000000000000000000000000000000000000000000000000000000000000000000000000000000000000000000000000000000000000000000000000000000000000000000000000000000000000000000000000000000000000000000111111111111111111111111111111111111111111111111111111111111100000000000000000000000000000000000000000000000000000000000000000000000000000000000000000-0020406080a0ccdefg0jkl0nop0rstjlnprtnnnnnnpppppprrssNOPQH-VV-----------------------------------------------------------------------------------------000000000000000000000000000000000000000000000000000000000000000000000000000000000000000000000000000000000000000000000000000000000000000000000000000000---------------------------------------------------------HHHH-----------------------------------------------------------------------------------------;1.0;0.12095238095238103;0.0;0.9416508686614189;0.9758056962968117;0.1052831983310797;0.5239486907069485;0.12095238095238103;0.12095238095238103;6;101111111111111101111011111110111111011111111011111111001000001000010000000000000000000000000000010000000000000000000010000000000100000000000010001000000010000000000000100000010000000010001000000000100000000000000100000000000000001000010000000000000000000100001100000001000000000100000000000010000000100001010101000110001000100000001111100000000000000000000000000000100000000000000000101000000100000010000000000010000000000010000000000000000010000000001000010010100000000000000000001000000010100100010001100000000010000000001000001000000000000000000000110000000000000010000000000000000000001000000000001000100000000000100000000000000000000000000000000100000000100000000010010100000000000100000001000000000001000000000000000000000100000000000000000000111111111101111111111111111111011111111111011111111111111111100000000000000000000000000000000000000000000000001000001010000000000001000100000000000000e0020406080a0Xcdefg0Mkl0nov0rstjlnpr8nnnnnnpppppprrssNOPQH-VV-------------------------------------------------h----q--C-------------------------O-----000000000000000000100000010000000100000000000000000000000000000000000000101000000001010000100000000000000000100000010000010001000000000000000000000010---------------------------------------------------------6666-----------------------------------------------------------------------------------------
_SEEDS_111111111111111111111111111111111111111111111111111111111000000000000000000000000000000000000000000000000000000000000000000000000000000000000000000000000000000000000000000000000000000000000000000000000000000000000000000000000000000000000000000000000000000000000000000000000000000000000000000000000000000101010101000110000000000000011111100000000000000000000000000000000000000000000000000000000000000000000000000000000000000000000000000000000000000000000000000000000000000000000000000000000000000000000000000000000000000000000000000000000000000000000000000000000000000000000000000000000000000000000000000000000000000000000000000000000000000000000000000000000000000000000000000000000000000000000000000000000000000000000000000000000000000000000000000000111111111111111111111111111111111111111111111111111111111111100000000000000000000000000000000000000000000000000000000000000000000000000000000000000000-0020406080a0ccdefg0jkl0nop0rstjlnprtnnnnnnpppppprrssNOPQH-VV-----------------------------------------------------------------------------------------000000000000000000000000000000000000000000000000000000000000000000000000000000000000000000000000000000000000000000000000000000000000000000000000000000---------------------------------------------------------HHHH-----------------------------------------------------------------------------------------;1.0;0.1301388888888888;0.0;0.9523621429881696;0.9750828036043505;0.09008962818046587;0.5246122439436458;0.1301388888888888;0.1301388888888888;6;101111111111111111111011111110111111001111111011111111111000001000010000000000001000000000000000000000000000000000000010010000000000000000000010001000000010000000000000100000010000000010001000000000000000000000000100000000000000001000010000000000000000000100000100000001000000000100000000000000000000000101010101000110001000100000001111100000000000000000000000000000100000000000000000101000000100000010000000000000000000000010000000000000000010000000001000010010000000000000000000001000000010000100010001100000000000010000001000000000000000000000000000100000010000000010000000000000000000001000000000001000100000000000100000000000000000000000000000000100000000100000000010010100000000000000000001000000000001000000000000000000000000000000000000000000111111111101111111111111111111111111111111111111111111111111100000100000000000000000000000000000000000100000000000101010000000000000000000000000000000e0020406080a0Xcdefg0Mkl0nov0rstjlnpr8nnnnnnpppppprrssNOPQH-VV-------------------------------f-----------------h----q--C-------------------------O-----000000000000000000100000000000000100000000000000000000000000000000000000101000000001010000000000000000000000100000010000010001000000000000000000000010---------------------------------------------------------6666-----------------------------------------------------------------------------------------
_SEEDS_111111111111111111111111111111111111111111111111111111111000000000000000000000000000000000000000000000000000000000000000000000000000000000000000000000000000000000000000000000000000000000000000000000000000000000000000000000000000000000000000000000000000000000000000000000000000000000000000000000000000000101010101000110000000000000011111100000000000000000000000000000000000000000000000000000000000000000000000000000000000000000000000000000000000000000000000000000000000000000000000000000000000000000000000000000000000000000000000000000000000000000000000000000000000000000000000000000000000000000000000000000000000000000000000000000000000000000000000000000000000000000000000000000000000000000000000000000000000000000000000000000000000000000000000000000111111111111111111111111111111111111111111111111111111111111100000000000000000000000000000000000000000000000000000000000000000000000000000000000000000-0020406080a0ccdefg0jkl0nop0rstjlnprtnnnnnnpppppprrssNOPQH-VV-----------------------------------------------------------------------------------------000000000000000000000000000000000000000000000000000000000000000000000000000000000000000000000000000000000000000000000000000000000000000000000000000000---------------------------------------------------------HHHH-----------------------------------------------------------------------------------------;1.0;0.149107142857143;0.10127589539843429;0.9509879657138128;0.9806638122124312;0.11555159295440619;0.5495977348560379;0.149107142857143;0.149107142857143;21;101111111111111101111011111110111111001111111011111111111000001000010000000000000000000000000000000000000000000000000010000000100000000000000010001000000010000000000000100000010000000010001000000000000000000000000100000000000000001000010000000000000000000100000100000001000000000100000000000000000000000001010101000110001000100000001111100000000000000000000000100000100100000000000000101000000100000010000000000000000000000010000000000000000010000000001000010010100000000000000000001000000010000100010001100000010000000000001000001000000000000000000000100000000000000010000000000000000100001000000000001000100000000000100000000000000000000000000000000100000000100000000010010100000000000000000001000000000001000000000000000000000000000000000000000000111111111101111111111111111111111111111111111111111111111111100000100000000001000000000000011100000000000000010001000000000000000000100000001000000000-0-20406080a0ccdefg0jkl0nop0rstjlnpr8nnnnnnpppppprrsiNOPQH-MV-----------------------------------e-----j----ç---r---q--C-------------------------O-----000000000000100000100000000000000100000000000000000000000000000000000000101000000001010000000000000000000000100000000000010000000000000000110000000000---------------------------------------------------------llll-----------------------------------------------------------------------------------------
_SEEDS_111111111111111111111111111111111111111111111111111111111000000000000000000000000000000000000000000000000000000000000000000000000000000000000000000000000000000000000000000000000000000000000000000000000000000000000000000000000000000000000000000000000000000000000000000000000000000000000000000000000000000101010101000110000000000000011111100000000000000000000000000000000000000000000000000000000000000000000000000000000000000000000000000000000000000000000000000000000000000000000000000000000000000000000000000000000000000000000000000000000000000000000000000000000000000000000000000000000000000000000000000000000000000000000000000000000000000000000000000000000000000000000000000000000000000000000000000000000000000000000000000000000000000000000000000000111111111111111111111111111111111111111111111111111111111111100000000000000000000000000000000000000000000000000000000000000000000000000000000000000000-0020406080a0ccdefg0jkl0nop0rstjlnprtnnnnnnpppppprrssNOPQH-VV-----------------------------------------------------------------------------------------000000000000000000000000000000000000000000000000000000000000000000000000000000000000000000000000000000000000000000000000000000000000000000000000000000---------------------------------------------------------HHHH-----------------------------------------------------------------------------------------;1.0;0.13865079365079347;0.1072533423568941;0.9619999113609706;0.983148830976639;0.12147791829819533;0.5520884661072488;0.13865079365079347;0.13865079365079347;21;101111111111111101111011111110111111011111111011111011111000001000010000000000000000000000000000000000000000000000000011000000000000000000000010001000000010000000000000100000010000000010001000000000000000000000000100000000000000001000010000000000000000000100000100000001000000000100000000000000001010000001010101000110001000100000001111100000000000000000000000000000100000000000000000101000010100000010000000000000000000000010000000000000000010000000001000010010100000000000000000001000000010000100010001100100010000000000001000001000000000000000000000100000000000000010000000000000000001001000010000001000100000000000100000000000000000000000000000000100000000100000000010010100000000000000000001000000000001000000000000001000000000001000000000000000111111111101111111111111111111111111111111111111111111111111100000000000000000000000000000011100000000000000010000000000000000000000000000001000000000-002040608wa0Xcdefg0Mkl0nop0rstjlnpr8nnnnnnpppppprrssNOPQH-MV-----------------------------------e---------l----r---q--C-------------------------O-----000000000000000000100000000000000100000000000000000000000000000000000000100000000001010000000000000000000000100000000000011001000000000000000000000000---------------------------------------------------------llll-----------------------------------------------------------------------------------------
_SEEDS_111111111111111111111111111111111111111111111111111111111000000000000000000000000000000000000000000000000000000000000000000000000000000000000000000000000000000000000000000000000000000000000000000000000000000000000000000000000000000000000000000000000000000000000000000000000000000000000000000000000000000101010101000110000000000000011111100000000000000000000000000000000000000000000000000000000000000000000000000000000000000000000000000000000000000000000000000000000000000000000000000000000000000000000000000000000000000000000000000000000000000000000000000000000000000000000000000000000000000000000000000000000000000000000000000000000000000000000000000000000000000000000000000000000000000000000000000000000000000000000000000000000000000000000000000000111111111111111111111111111111111111111111111111111111111111100000000000000000000000000000000000000000000000000000000000000000000000000000000000000000-0020406080a0ccdefg0jkl0nop0rstjlnprtnnnnnnpppppprrssNOPQH-VV-----------------------------------------------------------------------------------------000000000000000000000000000000000000000000000000000000000000000000000000000000000000000000000000000000000000000000000000000000000000000000000000000000---------------------------------------------------------HHHH-----------------------------------------------------------------------------------------;1.0;0.13503968253968246;0.06902867054040862;0.945797576796549;0.9803396710664153;0.11671464819801763;0.5411533748568454;0.13503968253968246;0.13503968253968246;21;101111111110111101111011111110111101011111111011111111111000101000010000000000000000000000000000000000000000000000000010000000000000000000000010001000000010000000000000100000010000000010001000000100000000000100000100000000000000001001010000000000000000000100000100000001000000000100000100000000000000000001010101000110001000100000001111100000000000000000000000011000100000000000000000101001000100000010000000000100000000000010000000000000000010000000001000010010100000000000000000001000000010000100010001100000010000000000001000001000000000000000000000100000000000000010000000000000000000001000000000001000100000000000100000000000000000000000000000000100000000100000000010010100000000000000000001000010000001000000000000000000000000000000000000000000111111111101111111111111111111111111111111111111111111111111100000100000000001000000000000011100000000010000010000000000000000000000100000001000000000-0020406080a0ccdefg0jkl0nop0rstjlnpr8nnnnnnpppppprrsiNOPQH-MV---N-------------------------------e-----j----ç---r---q--C-------------------------O-----000000000000000000100000000000000100000000000000000000000000000000000000101000000001010000000000000000000000100000000000010000000000000000110000000000---------------------------------------------------------llll-----------------------------------------------------------------------------------------
_SEEDS_111111111111111111111111111111111111111111111111111111111000000000000000000000000000000000000000000000000000000000000000000000000000000000000000000000000000000000000000000000000000000000000000000000000000000000000000000000000000000000000000000000000000000000000000000000000000000000000000000000000000000101010101000110000000000000011111100000000000000000000000000000000000000000000000000000000000000000000000000000000000000000000000000000000000000000000000000000000000000000000000000000000000000000000000000000000000000000000000000000000000000000000000000000000000000000000000000000000000000000000000000000000000000000000000000000000000000000000000000000000000000000000000000000000000000000000000000000000000000000000000000000000000000000000000000000111111111111111111111111111111111111111111111111111111111111100000000000000000000000000000000000000000000000000000000000000000000000000000000000000000-0020406080a0ccdefg0jkl0nop0rstjlnprtnnnnnnpppppprrssNOPQH-VV-----------------------------------------------------------------------------------------000000000000000000000000000000000000000000000000000000000000000000000000000000000000000000000000000000000000000000000000000000000000000000000000000000---------------------------------------------------------HHHH-----------------------------------------------------------------------------------------;1.0;0.13690476190476197;0.19108630207401633;0.9495170143464061;0.9779951273746487;0.12130284361518856;0.5628010082191702;0.13690476190476197;0.13690476190476197;21;101111111111111101111011111110111111011111111011111111111000001000010000000000000001000000000000000000000000000000000010000000000000000000000010001000010010000000000000100000010000000010001000000000000000000000000110000001000000001000010000000001000000000100000100000001000000000100000000000000000000000001010101000110001000100000001111100000000000000000000000000000100100000000000000101000000110000010000000100000000000000010000000000000000010000000001000010010100000000000000000001000000010000100010001100000010000000000001000001000000000000000000000100000000000000010000100000000010000001000000000001000100010000000100000000000000000000000000000000100000000100000000010110100000000000000000001000000000001000000000000000000000000000000000000000000111111111101111111111111011111111111111111111111111111111111100000100000000001000000000000011100000000000000011000000000000000000000100000001000000000-0020406080a0ccdefg0jkl0nop0rstjlnpr8nnnnnnpppppprrsiNOPQH-MV-----------------------------------e-----j----ç---r---q--C-------09----------------O-----000000000000000000100000000000000100000000000000000000000000000000000000101000000001010000000000000000000000100000000000011001000100000000000000000000---------------------------------------------------------llll-----------------------------------------------------------------------------------------
_SEEDS_111111111111111111111111111111111111111111111111111111111000000000000000000000000000000000000000000000000000000000000000000000000000000000000000000000000000000000000000000000000000000000000000000000000000000000000000000000000000000000000000000000000000000000000000000000000000000000000000000000000000000101010101000110000000000000011111100000000000000000000000000000000000000000000000000000000000000000000000000000000000000000000000000000000000000000000000000000000000000000000000000000000000000000000000000000000000000000000000000000000000000000000000000000000000000000000000000000000000000000000000000000000000000000000000000000000000000000000000000000000000000000000000000000000000000000000000000000000000000000000000000000000000000000000000000000111111111111111111111111111111111111111111111111111111111111100000000000000000000000000000000000000000000000000000000000000000000000000000000000000000-0020406080a0ccdefg0jkl0nop0rstjlnprtnnnnnnpppppprrssNOPQH-VV-----------------------------------------------------------------------------------------000000000000000000000000000000000000000000000000000000000000000000000000000000000000000000000000000000000000000000000000000000000000000000000000000000---------------------------------------------------------HHHH-----------------------------------------------------------------------------------------;1.0;0.1296031746031745;0.07596338755223686;0.944773919068452;0.9777889191548155;0.11073219450996073;0.5398102658147733;0.1296031746031745;0.1296031746031745;21;101111111111111101111011111110111111011111111011111011111000001001010000000000000000000000000000000000000000000000000010000000000000000000000010001000000010000000000000100000010000000010001000000000000000000000000100000000000000001000010000000000000000000100000100000001000000001100000000000000000000000001010101000110001000100000001111100000000000000000000000000000100000000000000000101000000100000010000000000100000000001010000000000000000010010000001000010010100000000000000000001000000010001100010001100000000000000000001000001000000000000000000000100000000001000010000000000000000000100000000000001000100000000000100000000000000000000000000000000100000000100000000010010100000000000000000001000000000001000000000000000000000000000000000000000000111111111101111111111111110111111111111111111111111111111111100000100100000000000000000000001100000000000000010000000000000100000000000001001000000000-0020406080a0ccdefg0jkl0nop0rstjlnpr8nnnnnnpppppprrssNOPQH-MV-----------------------------------e--------------r---q--C------------------------wO-----000000000000000100100000000000000100000000000000000000000000000000000000100000000001010000000000000000000000100000000000011001000100000000000000000000---------------------------------------------------------llll-----------------------------------------------------------------------------------------
_SEEDS_111111111111111111111111111111111111111111111111111111111000000000000000000000000000000000000000000000000000000000000000000000000000000000000000000000000000000000000000000000000000000000000000000000000000000000000000000000000000000000000000000000000000000000000000000000000000000000000000000000000000000101010101000110000000000000011111100000000000000000000000000000000000000000000000000000000000000000000000000000000000000000000000000000000000000000000000000000000000000000000000000000000000000000000000000000000000000000000000000000000000000000000000000000000000000000000000000000000000000000000000000000000000000000000000000000000000000000000000000000000000000000000000000000000000000000000000000000000000000000000000000000000000000000000000000000111111111111111111111111111111111111111111111111111111111111100000000000000000000000000000000000000000000000000000000000000000000000000000000000000000-0020406080a0ccdefg0jkl0nop0rstjlnprtnnnnnnpppppprrssNOPQH-VV-----------------------------------------------------------------------------------------000000000000000000000000000000000000000000000000000000000000000000000000000000000000000000000000000000000000000000000000000000000000000000000000000000---------------------------------------------------------HHHH-----------------------------------------------------------------------------------------;1.0;0.11363095238095233;0.07503466225447586;0.9464112845431051;0.9777190147442986;0.12347019759244374;0.5393776852525459;0.11363095238095233;0.11363095238095233;21;101111111111111101111011111110111111011111111011111111011000001000010000100000000000000000000000000000000000000000000010000000000000000000010010001000000010000000000000100000010000000010001000000000000000000000000100000000000001001000010000000000000000000100000100000001000000000100000000000000000000000001010101000110001000100000001111100000000000000000000000000000100100000000000000101000000100000010000000000000000000000010000000000000000110001000001000010010100000000000000000001000000010000100010001100000010000000000001000001000000000000010000000100000000000001010000000000000000000001000000000001000100000000000100000000000000000000000000000000100000000100000000010010100000000000000000001000000000001000000000000000000000000000000000000000000111111111101111111111111111111111111111111111111111111111111100000100100000000000000000000001100000000000000010000000000000000000000000001001000000000-0020406080a0ccdXfg0jkl0nop0rstjlnpr8nnnnnnpppppprrssNOPQH-MV-----------------------------------e--------------r---q--C-------------------------O-----000000000000000000100000000000000100000000000000000000000000000000000000100000000001010000000000000000000000100000000000011001000000000000000000000000---------------------------------------------------------llll-----------------------------------------------------------------------------------------
_SEEDS_111111111111111111111111111111111111111111111111111111111000000000000000000000000000000000000000000000000000000000000000000000000000000000000000000000000000000000000000000000000000000000000000000000000000000000000000000000000000000000000000000000000000000000000000000000000000000000000000000000000000000101010101000110000000000000011111100000000000000000000000000000000000000000000000000000000000000000000000000000000000000000000000000000000000000000000000000000000000000000000000000000000000000000000000000000000000000000000000000000000000000000000000000000000000000000000000000000000000000000000000000000000000000000000000000000000000000000000000000000000000000000000000000000000000000000000000000000000000000000000000000000000000000000000000000000111111111111111111111111111111111111111111111111111111111111100000000000000000000000000000000000000000000000000000000000000000000000000000000000000000-0020406080a0ccdefg0jkl0nop0rstjlnprtnnnnnnpppppprrssNOPQH-VV-----------------------------------------------------------------------------------------000000000000000000000000000000000000000000000000000000000000000000000000000000000000000000000000000000000000000000000000000000000000000000000000000000---------------------------------------------------------HHHH-----------------------------------------------------------------------------------------;1.0;0.13287698412698412;0.07282454110182568;0.9463623255476694;0.9784773329855987;0.1170732777941054;0.5412690769260305;0.13287698412698412;0.13287698412698412;21;101111111111111101111011111110111111011111111011111111011000001000010000000000000000000000000000000000000000000000000010000000000000000000010010001000000010000000000000100000010000000010001000000000000000000000000100001000000000001000010000001000000000000100010100000001000000000100000000000000000000000001010001000110001000100000001111100000000000010000000000000001100100000000000000101000000100000010000000000000000000000010000000000000000010000000001000010010100000000000000000001000000010000100010001100000010000000000001000001000000000000000000000100000000000000010000100000000000000001000000000001000100000000000100000000000000000000000000000000100000000100000000010010100000000000000000001000000000001000000000000000000000000000000000000000000111111111101111111111111111111111111111111111111111111111111100000000000000001000000000000001100000000000000010000000000000000000000100000001000000010-0020406080a0ccdefg0jkl0nop0rstjlnpr8nnnnnnpppppprrsiNOPQH-MV-------------------------q---------e-----j----ç---r---q--C-------------------------O-----000000000000000000100000000000000100000000000000000000000000000000000000101000000001010000000000000000000000100000000000010000000000000000110000000000---------------------------------------------------------llll-----------------------------------------------------------------------------------------
_SEEDS_111111111111111111111111111111111111111111111111111111111000000000000000000000000000000000000000000000000000000000000000000000000000000000000000000000000000000000000000000000000000000000000000000000000000000000000000000000000000000000000000000000000000000000000000000000000000000000000000000000000000000101010101000110000000000000011111100000000000000000000000000000000000000000000000000000000000000000000000000000000000000000000000000000000000000000000000000000000000000000000000000000000000000000000000000000000000000000000000000000000000000000000000000000000000000000000000000000000000000000000000000000000000000000000000000000000000000000000000000000000000000000000000000000000000000000000000000000000000000000000000000000000000000000000000000000111111111111111111111111111111111111111111111111111111111111100000000000000000000000000000000000000000000000000000000000000000000000000000000000000000-0020406080a0ccdefg0jkl0nop0rstjlnprtnnnnnnpppppprrssNOPQH-VV-----------------------------------------------------------------------------------------000000000000000000000000000000000000000000000000000000000000000000000000000000000000000000000000000000000000000000000000000000000000000000000000000000---------------------------------------------------------HHHH-----------------------------------------------------------------------------------------;1.0;0.11783730158730177;0.0912995959994447;0.9358537990620293;0.9762778759976279;0.10666482459893724;0.5379888995408902;0.11783730158730177;0.11783730158730177;21;101111110111111101111011111110111111011111111011111111111000001000010000000000000010000000000000000000000000000000000010000000000000000000000010001000000010000000000000100000010000000010001000000000000000000000000100000000000000001000010000000000000000000100000100000001000000000100000000000000000000000001010101000110001000100001001111101000000000000000000000000000100000000000000000101000000100000010000000000000000000000010000000000000000010000000001000010010100000000000000000001000000010000100010001100000000000000000001000001000000000000000000000100000000000000010000000000000000000001000000000001000100000000000100000000000000000000000000000000100000000100000000010010100000000000000000001000000000001000000000000000000000000000000000000000000111111111101111111111111111111111111111111111111111111111111100000100000000000010000000000011100000000000000010000000000000000000000000000001000000000-0020406080a0ccdefg0jkl0nop0rstjlnpr8nnnnnnpppppprrssNOPQH-MV-----------------------------------e--------------r---q--C-------------------------O-----000000000000000000100000000000000100000000000000000000000000000000000000100000000001010000000000000000000000100000000000010001000000000000000000001000---------------------------------------------------------llll-----------------------------------------------------------------------------------------
_SEEDS_111111111111111111111111111111111111111111111111111111111000000000000000000000000000000000000000000000000000000000000000000000000000000000000000000000000000000000000000000000000000000000000000000000000000000000000000000000000000000000000000000000000000000000000000000000000000000000000000000000000000000101010101000110000000000000011111100000000000000000000000000000000000000000000000000000000000000000000000000000000000000000000000000000000000000000000000000000000000000000000000000000000000000000000000000000000000000000000000000000000000000000000000000000000000000000000000000000000000000000000000000000000000000000000000000000000000000000000000000000000000000000000000000000000000000000000000000000000000000000000000000000000000000000000000000000111111111111111111111111111111111111111111111111111111111111100000000000000000000000000000000000000000000000000000000000000000000000000000000000000000-0020406080a0ccdefg0jkl0nop0rstjlnprtnnnnnnpppppprrssNOPQH-VV-----------------------------------------------------------------------------------------000000000000000000000000000000000000000000000000000000000000000000000000000000000000000000000000000000000000000000000000000000000000000000000000000000---------------------------------------------------------HHHH-----------------------------------------------------------------------------------------;1.0;0.13567460317460323;0.10316343967989938;0.9435537097417493;0.9737579191719502;0.10055398393648886;0.5427839426174484;0.13567460317460323;0.13567460317460323;6;101111111111111101111011111110111111011111111011111111111000001000010000000000000000000000000000000000000000000000000010000000000000000000000010001000000010000000000000100000010000000010001000000000000000000000000100000000000000001000010000000000000000000100001100000001000000000100000000000000000000100001010101000110001000100000001111100000000000000000000000000000100000000000000000101000000100000010001000000010000000000010000000000000000010000000001000010010100000000000000000001000000010000100010001100000000010000000101010001000000000000000000000100000000000000010000000000000000000001000000000001000100000000000100000000000000000000000000000000100000000100000000010010100000000000000000001000000000001100000000000000010000100000000000000000000111111111101111111111111111111011111111111011111111111111111100000000000000000000000000000010000000000000000001000001010000000000000000100000000000000e0020406080a0Xcdefg0Mkl0nov0rstjlnpr8nnnnnnpppppprrssNOPQH-VV----------------------------n--------------------h----q--C-------------------------O-----000000000000000000100000000000000100000000000000000000000000000000000000101000000001010000000000000000000000100000010000010001000000000000000000000010---------------------------------------------------------6666-----------------------------------------------------------------------------------------
_SEEDS_111111111111111111111111111111111111111111111111111111111000000000000000000000000000000000000000000000000000000000000000000000000000000000000000000000000000000000000000000000000000000000000000000000000000000000000000000000000000000000000000000000000000000000000000000000000000000000000000000000000000000101010101000110000000000000011111100000000000000000000000000000000000000000000000000000000000000000000000000000000000000000000000000000000000000000000000000000000000000000000000000000000000000000000000000000000000000000000000000000000000000000000000000000000000000000000000000000000000000000000000000000000000000000000000000000000000000000000000000000000000000000000000000000000000000000000000000000000000000000000000000000000000000000000000000000111111111111111111111111111111111111111111111111111111111111100000000000000000000000000000000000000000000000000000000000000000000000000000000000000000-0020406080a0ccdefg0jkl0nop0rstjlnprtnnnnnnpppppprrssNOPQH-VV-----------------------------------------------------------------------------------------000000000000000000000000000000000000000000000000000000000000000000000000000000000000000000000000000000000000000000000000000000000000000000000000000000---------------------------------------------------------HHHH-----------------------------------------------------------------------------------------;1.0;0.14061507936507922;0.17493250091473778;0.9465410310205193;0.9793617472668706;0.11354683766082371;0.5591661993713385;0.14061507936507922;0.14061507936507922;21;101111111111111101111011111110111111011111111011111111111000001000010000000000000000000000000000000000000000000000000010000000000000000000000010001000000010000000000000100000010000000010001000100000000000000000000100000100000000001000010000000000000000000100000100000001000001000100000000000000000000000001010101000110001000100000001111100000000000000000000000000000100000000000000000101000000100000010100000000000000000000010000000000000000010000000001000010010110000000000000000001000000010000000010001100000010000000000001000001000000000000000000010100000000000000010000000000000000000001000000000001000100000000000100000000000000000000000000000000100000000100000000010010100000000000000000001000000000001000000000000000000000000000000000000010000111111111101111111111111101111111111111111111111111111111111100000100000000001000000100000011100000000000000010000000000000000000000100000001000000000-0020406080a0ccdefg0jkl0nop0rstjlnpr8nnnnnnpppppprrsiNOPQH-MV-----------------------------------e-----j----ç---r---q--C-------------------------O-----000000000000000000100000000000000100000000000000000000000000000000000000101000000001010000000000000000000000100000000000010000000000000000110000000000---------------------------------------------------------llll-----------------------------------------------------------------------------------------
_SEEDS_111111111111111111111111111111111111111111111111111111111000000000000000000000000000000000000000000000000000000000000000000000000000000000000000000000000000000000000000000000000000000000000000000000000000000000000000000000000000000000000000000000000000000000000000000000000000000000000000000000000000000101010101000110000000000000011111100000000000000000000000000000000000000000000000000000000000000000000000000000000000000000000000000000000000000000000000000000000000000000000000000000000000000000000000000000000000000000000000000000000000000000000000000000000000000000000000000000000000000000000000000000000000000000000000000000000000000000000000000000000000000000000000000000000000000000000000000000000000000000000000000000000000000000000000000000111111111111111111111111111111111111111111111111111111111111100000000000000000000000000000000000000000000000000000000000000000000000000000000000000000-0020406080a0ccdefg0jkl0nop0rstjlnprtnnnnnnpppppprrssNOPQH-VV-----------------------------------------------------------------------------------------000000000000000000000000000000000000000000000000000000000000000000000000000000000000000000000000000000000000000000000000000000000000000000000000000000---------------------------------------------------------HHHH-----------------------------------------------------------------------------------------;1.0;0.14908730158730144;0.017424242424242453;0.9490089305182263;0.9757758451972077;0.08578098367642478;0.5295128839005672;0.14908730158730144;0.14908730158730144;6;101111111111111101111011111110111111011111111011111111111000001000010000000000000000000000000000000000000000000000000010000000000000000000000010011000000010000000000000100000010000000010001000000000000000000000000100000000000000000000010000000000000000000100000100000001000000000100000000000000000000000001010101000110001000100000001111100100000000000000000000000000100000000000000000101000000100000010000000000000000000000010000000000000000010000000001000010010100000000000000000001000000010000100010001100000000000000000101000001000000000000000000000100000000000000010000000000000000000001000000000001000100000000000100000000000000000000000000000000100000000100000000010010100000000000000000001000000000001000000000000000000000100000000000000000000111111111101111111111111111111011111111111011111111111111111100000000000000000000000000000000000000000000000001000001010000000000000000100000010000000e0020406080a0Xcdefg0Mkl0nov0rstjlnpr8nnnnnnpppppprrssNOPQH-VV-------------------------------------------------h----q--C-------------------------O-----000000000000000000100000000000000100000000000000000000000000000000000000101000000001010000000000000000000000100000010000010001000000000000000000000010---------------------------------------------------------6666-----------------------------------------------------------------------------------------
_SEEDS_111111111111111111111111111111111111111111111111111111111000000000000000000000000000000000000000000000000000000000000000000000000000000000000000000000000000000000000000000000000000000000000000000000000000000000000000000000000000000000000000000000000000000000000000000000000000000000000000000000000000000101010101000110000000000000011111100000000000000000000000000000000000000000000000000000000000000000000000000000000000000000000000000000000000000000000000000000000000000000000000000000000000000000000000000000000000000000000000000000000000000000000000000000000000000000000000000000000000000000000000000000000000000000000000000000000000000000000000000000000000000000000000000000000000000000000000000000000000000000000000000000000000000000000000000000111111111111111111111111111111111111111111111111111111111111100000000000000000000000000000000000000000000000000000000000000000000000000000000000000000-0020406080a0ccdefg0jkl0nop0rstjlnprtnnnnnnpppppprrssNOPQH-VV-----------------------------------------------------------------------------------------000000000000000000000000000000000000000000000000000000000000000000000000000000000000000000000000000000000000000000000000000000000000000000000000000000---------------------------------------------------------HHHH-----------------------------------------------------------------------------------------;1.0;0.1182936507936504;0.07621731548629751;0.9455457622806657;0.9764027947880082;0.1005867287087916;0.5361743753429021;0.1182936507936504;0.1182936507936504;21;101111111111111101111011111110111111011111111011111111111000001000010000000000000000000000000000000000000000000000000010000000000000000000000010001000000010000000000000100000010000000010001000000000000000000000000110000000000001001000010000000000000000000100000100100001000000000100000000000000000000000001010101000110001000100000001111100000000000000000000000000000100000000000000000101000000100000010000000000000000000000010000000000000000010000000001000010010100000000000000000001000000010010100010001100000000000000000001000001000000000000000000000100000000000000010000000000000000000001000000000001000100000000000100000000000000000000000000000000100000000100000000010010100000000000000000001000000000001000000000000000000000000000000000000000000111111111101111111111111110111111111111111111111111111111111100000100100000000000000000000001100000000000000010000000000000000000000000011001000000000-0020406080a0ccdefg0jkl0nop0rstjlnpr8nnnnnnpppppprrssNOPQH-MV-----------------------------------e--------------r---q--C-------------------------O-----000000000000000000100000000000000100000000000000000000000000000000000000100000000001010000000000000000000000100000000000011001000000000000000000000000---------------------------------------------------------llll-----------------------------------------------------------------------------------------
_SEEDS_111111111111111111111111111111111111111111111111111111111000000000000000000000000000000000000000000000000000000000000000000000000000000000000000000000000000000000000000000000000000000000000000000000000000000000000000000000000000000000000000000000000000000000000000000000000000000000000000000000000000000101010101000110000000000000011111100000000000000000000000000000000000000000000000000000000000000000000000000000000000000000000000000000000000000000000000000000000000000000000000000000000000000000000000000000000000000000000000000000000000000000000000000000000000000000000000000000000000000000000000000000000000000000000000000000000000000000000000000000000000000000000000000000000000000000000000000000000000000000000000000000000000000000000000000000111111111111111111111111111111111111111111111111111111111111100000000000000000000000000000000000000000000000000000000000000000000000000000000000000000-0020406080a0ccdefg0jkl0nop0rstjlnprtnnnnnnpppppprrssNOPQH-VV-----------------------------------------------------------------------------------------000000000000000000000000000000000000000000000000000000000000000000000000000000000000000000000000000000000000000000000000000000000000000000000000000000---------------------------------------------------------HHHH-----------------------------------------------------------------------------------------;1.0;0.13696428571428598;0.10698707010714537;0.9407329458274123;0.9698486789907027;0.09600826903663821;0.5417568749460308;0.13696428571428598;0.13696428571428598;21;101111111111111101111011111110111111011111101011111111111000001000010000000000000000000000000000000000000000000000000010000000000100000000000010001000000010000000000100100000010000000010001000000000000000000000000100000000000000001000010000000000000000000100001100000001000000000100000000000000000000100001010101000110001000100000001111100000000000000000000000000000100000000000000000101000000100000010001000000010000000000010000000000000000010000000001000010010100000000000000000001000000010000100010001100000000010000000001000001000000000000000000000100000000000010010000000000000000000001000000000001000100000000000100000000000000000000000000000000100000000100000000010010100001000000000000001000000000001000000000000000000000100000000000000000001111111111101111111111111111111011111111111011111111111111111100000000000000000000000000000000000000000000000001000000000000000000000100000001000000000-0020406080a0ccdefg0jkl0nop0rstjlnpr8nnnnnnpppppprrsiNOPQH-MV-----------------------------------e-----j----ç---r---q--C-------------------------O-----000000000000000000100000000000000100000000000000000000000000000000000000101000000001010000000000000000000000100000000000010000000000001000110000000000---------------------------------------------------------llll-----------------------------------------------------------------------------------------
_SEEDS_111111111111111111111111111111111111111111111111111111111000000000000000000000000000000000000000000000000000000000000000000000000000000000000000000000000000000000000000000000000000000000000000000000000000000000000000000000000000000000000000000000000000000000000000000000000000000000000000000000000000000101010101000110000000000000011111100000000000000000000000000000000000000000000000000000000000000000000000000000000000000000000000000000000000000000000000000000000000000000000000000000000000000000000000000000000000000000000000000000000000000000000000000000000000000000000000000000000000000000000000000000000000000000000000000000000000000000000000000000000000000000000000000000000000000000000000000000000000000000000000000000000000000000000000000000111111111111111111111111111111111111111111111111111111111111100000000000000000000000000000000000000000000000000000000000000000000000000000000000000000-0020406080a0ccdefg0jkl0nop0rstjlnprtnnnnnnpppppprrssNOPQH-VV-----------------------------------------------------------------------------------------000000000000000000000000000000000000000000000000000000000000000000000000000000000000000000000000000000000000000000000000000000000000000000000000000000---------------------------------------------------------HHHH-----------------------------------------------------------------------------------------;1.0;0.1544642857142856;0.12783370102684288;0.9474195989156882;0.9729811114104377;0.07358355412241395;0.5460470418649447;0.1544642857142856;0.1544642857142856;21;101111111111111101111011111110111111011111111011111111111000001000010000000000000000000000000000000000000000000000000010000000000000000000000010001000000010000000000000100000010000000010001000000000000000000000000100000000000000001000010000000000000000000100000100000001000000000100000000000000000000000001010101000110001000100000001111100000000000000000000000000000100000000000000000101000000100000010000000000000000000000010000000000000000010000000001000010010100000000000000000001000000010000100010001100000000000000000001000001000000000000000000000100000000000000010000000000000000000001000000000001000100000000000100000000000000000000000000000000100000000000000000010010100000000000000000001000000000001000000000000000000000000000000000000000000111111111101111111111111111111111111111111111111111111111111100000100000010000000000000000011100000000000000010000000000000000000000000000001000000000-0020406080a0ccdefg0jkl0nop0rstjlnpr8nnnnnnpppppprrssNOPQH-MV-----------------------------------e--------------r---q--C-------------------------O-----000000000000000000100000000000000100000000000000000000000000000000000000100000000001010000000000000000000000100000000000010001000000000000000000001000---------------------------------------------------------llll-----------------------------------------------------------------------------------------
_SEEDS_111111111111111111111111111111111111111111111111111111111000000000000000000000000000000000000000000000000000000000000000000000000000000000000000000000000000000000000000000000000000000000000000000000000000000000000000000000000000000000000000000000000000000000000000000000000000000000000000000000000000000101010101000110000000000000011111100000000000000000000000000000000000000000000000000000000000000000000000000000000000000000000000000000000000000000000000000000000000000000000000000000000000000000000000000000000000000000000000000000000000000000000000000000000000000000000000000000000000000000000000000000000000000000000000000000000000000000000000000000000000000000000000000000000000000000000000000000000000000000000000000000000000000000000000000000111111111111111111111111111111111111111111111111111111111111100000000000000000000000000000000000000000000000000000000000000000000000000000000000000000-0020406080a0ccdefg0jkl0nop0rstjlnprtnnnnnnpppppprrssNOPQH-VV-----------------------------------------------------------------------------------------000000000000000000000000000000000000000000000000000000000000000000000000000000000000000000000000000000000000000000000000000000000000000000000000000000---------------------------------------------------------HHHH-----------------------------------------------------------------------------------------;1.0;0.10761904761904784;0.05649915989642018;0.937739186591355;0.9748821565837454;0.09917202325525437;0.5293185956576372;0.10761904761904784;0.10761904761904784;21;101111111111111101111011111110111111010111111011111111111000001000010000000000000000000000000000000000000000000000000010000000000000000000000010001000000010000000000000100010010000000010001000000000000000000000000100000000000000001010010000000000000000000100000100000001000000000100000010000000000000000001010101000110001000100000001111100000000000000000000000000000100000000000000000101000000100000010000000000100000000000010000000000000000010010000001000010010100000000000000000001000000010000100010001100000000000000000001000001000000000000000000000100000000000000010000000000000000000001000000000001000100000000000100000000000000000000000000000000100000000100000000010010100000000000000000001000000000001000000000000000000000000000000000000000000111111111101111111111111111110111111111111111111111111111111100000100100000000000000000000001100000000000000010000000000000000000000000001001000000100-0020406080a0ccdefg0jkl0nop0rstjlnpr8nnnnnnpppppprrssNOPQH-MV-----------------------------------e--------------r---q--C-------------------------O-----000000000000000000100000000000000101000000000000000000000000000000000000100000000001010000000000000000000000100000000000011001000000000000000000000000---------------------------------------------------------llll-----------------------------------------------------------------------------------------
_SEEDS_111111111111111111111111111111111111111111111111111111111000000000000000000000000000000000000000000000000000000000000000000000000000000000000000000000000000000000000000000000000000000000000000000000000000000000000000000000000000000000000000000000000000000000000000000000000000000000000000000000000000000101010101000110000000000000011111100000000000000000000000000000000000000000000000000000000000000000000000000000000000000000000000000000000000000000000000000000000000000000000000000000000000000000000000000000000000000000000000000000000000000000000000000000000000000000000000000000000000000000000000000000000000000000000000000000000000000000000000000000000000000000000000000000000000000000000000000000000000000000000000000000000000000000000000000000111111111111111111111111111111111111111111111111111111111111100000000000000000000000000000000000000000000000000000000000000000000000000000000000000000-0020406080a0ccdefg0jkl0nop0rstjlnprtnnnnnnpppppprrssNOPQH-VV-----------------------------------------------------------------------------------------000000000000000000000000000000000000000000000000000000000000000000000000000000000000000000000000000000000000000000000000000000000000000000000000000000---------------------------------------------------------HHHH-----------------------------------------------------------------------------------------;1.0;0.13484126984126976;0.14123337041418904;0.9493232336861672;0.9745295786738668;0.10558463889606323;0.5509186819185926;0.13484126984126976;0.13484126984126976;21;101111111111111101111011111110111111011111111011111111111000001000010000000000000000000000000000000000000000000000000010000000000000000000000010001000000010000000000000100000010000000010001000000000000000000000000100000000000000001010010000000000000000000100000100000001000000000100000000000000000000000001010101000110001000100000001111100000000000000000000000000000100000000000000000101000000100000010000000000000000000000010000000000000000010010000001000010010100000000000100000001000000010001100010001100000000000000000001000001000000000000000000000100000000001000010000000000000000000100000000000001000100000000000100000000000000000000000000000000100000000100000000010010100010000000000000001001000000001000000000100000000000000000000000000000000101111111101111111111111110111111111111111111111111111111111100000100100000000000000000000001100000000000000010000000000000000100000000001001000000000-0020406080a0ccdefg0jkl0nop0rstjlnpr8nnnnnnpppppprrssNOPQH-VV-----------K---------------------------------------------C---------------------g---O--R--000000000001000000100000000000000100000000000000000000000000000000000000100000000001000000000000000000000000100000000000010000000000000000010000000000---------------------------------------------------------llll-----------------------------------------------------------------------------------------
_SEEDS_111111111111111111111111111111111111111111111111111111111000000000000000000000000000000000000000000000000000000000000000000000000000000000000000000000000000000000000000000000000000000000000000000000000000000000000000000000000000000000000000000000000000000000000000000000000000000000000000000000000000000101010101000110000000000000011111100000000000000000000000000000000000000000000000000000000000000000000000000000000000000000000000000000000000000000000000000000000000000000000000000000000000000000000000000000000000000000000000000000000000000000000000000000000000000000000000000000000000000000000000000000000000000000000000000000000000000000000000000000000000000000000000000000000000000000000000000000000000000000000000000000000000000000000000000000111111111111111111111111111111111111111111111111111111111111100000000000000000000000000000000000000000000000000000000000000000000000000000000000000000-0020406080a0ccdefg0jkl0nop0rstjlnprtnnnnnnpppppprrssNOPQH-VV-----------------------------------------------------------------------------------------000000000000000000000000000000000000000000000000000000000000000000000000000000000000000000000000000000000000000000000000000000000000000000000000000000---------------------------------------------------------HHHH-----------------------------------------------------------------------------------------;1.0;0.1345238095238096;0.026962962962962966;0.9438288855359882;0.9731028019711525;0.09919130484469227;0.5296016274731009;0.1345238095238096;0.1345238095238096;6;101111111111111101111011110110111111011111111011111111111000001000010000000000000000000000000000000000100000000000000010000000000000000000000010001000000010000000000000100000010000000010001000000000000000000000000100000001000000001010010000000000000000000100100100000001000000000100000000000000000000000001010101000110001000100000001111100001000000000000000000000000100000000000000000101000000100000010000000000000001000000010000000000000000010010000001000010010100000000000000000001000000010001100010001100000000010000000001000001000000000000000000000100000000001000010000000000000000000001000000000001000100000000000100000000000000000000000000000000100000000100000000010010100000000000000000001000000000001000000000000000000000100000000000000000000111111111101111111111011111111011111111111011111111111101111100000000000000000000000000000000000000000000000001000001010000000000000000100000000000000e0020406080a0Xcdefg0Mkl0nov0rstjlnpr8nnnnnnpppppprrssNOPQH-VV-------------------------------------------------h----q--C-------------------------O-----000000000000000000100000000000000100000000000000000000000000000000000000101000000001010000000000000000000000100000010000010001000000000000000000000010---------------------------------------------------------6666-----------------------------------------------------------------------------------------
_SEEDS_111111111111111111111111111111111111111111111111111111111000000000000000000000000000000000000000000000000000000000000000000000000000000000000000000000000000000000000000000000000000000000000000000000000000000000000000000000000000000000000000000000000000000000000000000000000000000000000000000000000000000101010101000110000000000000011111100000000000000000000000000000000000000000000000000000000000000000000000000000000000000000000000000000000000000000000000000000000000000000000000000000000000000000000000000000000000000000000000000000000000000000000000000000000000000000000000000000000000000000000000000000000000000000000000000000000000000000000000000000000000000000000000000000000000000000000000000000000000000000000000000000000000000000000000000000111111111111111111111111111111111111111111111111111111111111100000000000000000000000000000000000000000000000000000000000000000000000000000000000000000-0020406080a0ccdefg0jkl0nop0rstjlnprtnnnnnnpppppprrssNOPQH-VV-----------------------------------------------------------------------------------------000000000000000000000000000000000000000000000000000000000000000000000000000000000000000000000000000000000000000000000000000000000000000000000000000000---------------------------------------------------------HHHH-----------------------------------------------------------------------------------------;1.0;0.15581349206349193;0.22708331910478352;0.9540976723269743;0.9763915939843602;0.09871955354494037;0.5686842718374251;0.15581349206349193;0.15581349206349193;21;101111111111111101111011111110111111011111111011111111111000001000010000000000000000000000000000000000000000000000000010000000000000000000000010001000000010000000000000100000010000000010001000000000000000000000000100000000000000001000010000000000000000000100000100000001000000000100000000000000000000000001010101000110001000100000001111100000000000000000000000000000100000000000000000101000000100000010000000000000000000000010000000000001000010000000001000010010100000000000000000001000000010000100010001100000000000000000001000001000000000000000000000100000000000000010000000000000000000001000000000001000100000000000100000000000000000000000000000000100000000100000000010010100000000000000000011000000000001000000000000000000000000000000000000000000111111111101111111111111111111111111111111111111111111111111100000100000000000000000000000011100000000000000010000000000000000000000000000001000000000-0020406080a0ccdefg0jkl0nop0rstjlnpr8nnnMnnpppppprrjsNOPQH-VV-----------K---------------------------------------------C---------------------g---O--R--000000000001000000100000000000000100000000000000000000000000000000000000100000000000000000000000000000000000100000000000010000000010000000010000000000---------------------------------------------------------llll-----------------------------------------------------------------------------------------
_SEEDS_111111111111111111111111111111111111111111111111111111111000000000000000000000000000000000000000000000000000000000000000000000000000000000000000000000000000000000000000000000000000000000000000000000000000000000000000000000000000000000000000000000000000000000000000000000000000000000000000000000000000000101010101000110000000000000011111100000000000000000000000000000000000000000000000000000000000000000000000000000000000000000000000000000000000000000000000000000000000000000000000000000000000000000000000000000000000000000000000000000000000000000000000000000000000000000000000000000000000000000000000000000000000000000000000000000000000000000000000000000000000000000000000000000000000000000000000000000000000000000000000000000000000000000000000000000111111111111111111111111111111111111111111111111111111111111100000000000000000000000000000000000000000000000000000000000000000000000000000000000000000-0020406080a0ccdefg0jkl0nop0rstjlnprtnnnnnnpppppprrssNOPQH-VV-----------------------------------------------------------------------------------------000000000000000000000000000000000000000000000000000000000000000000000000000000000000000000000000000000000000000000000000000000000000000000000000000000---------------------------------------------------------HHHH-----------------------------------------------------------------------------------------;1.0;0.13192460317460308;0.12283245513621355;0.9458508767671653;0.9771311919339244;0.0860739024631661;0.5439688382458454;0.13192460317460308;0.13192460317460308;21;101111111111111101111011111110111111011111111011111111111000001000010000000000000000000000000000000000000000000000000010000000000000000000000010001000000010000000000000100000010000000010001000000000000000000000000100000000000000001000010000000000000000000100000100000001000000000100000000000000000000000001010101000110001000100000001111100000000000000000000000000000100000000000000000101000000100000110000000000000000000000010000000000000000010000000001000010010100000000000000000001000000010000100010001100000000000000000001000001000000000000000000000101000000000000010000000010000000000001000000000001000100000000000100000000000000000000000000000000100000000100000000010010100000000000000000001000000000001000000000000000000000000000000000000000000111111111101111111111111111111111111111111111111111111111111100000100100000000000000000000011100000000000000010000000000000100000000000001001000000000-0020406080a0ccdefg0jkl0nop0rstjlnpr8nnnnnnpppppprrssNOPQH-MV-----------------------------------e--------------r---q--C-------------------------O-----000000000000000000100000000000000100000000000000000000000000000000000000100000000001010000000000000000000000100000000000011001010000000000000000000000---------------------------------------------------------llll-----------------------------------------------------------------------------------------
_SEEDS_111111111111111111111111111111111111111111111111111111111000000000000000000000000000000000000000000000000000000000000000000000000000000000000000000000000000000000000000000000000000000000000000000000000000000000000000000000000000000000000000000000000000000000000000000000000000000000000000000000000000000101010101000110000000000000011111100000000000000000000000000000000000000000000000000000000000000000000000000000000000000000000000000000000000000000000000000000000000000000000000000000000000000000000000000000000000000000000000000000000000000000000000000000000000000000000000000000000000000000000000000000000000000000000000000000000000000000000000000000000000000000000000000000000000000000000000000000000000000000000000000000000000000000000000000000111111111111111111111111111111111111111111111111111111111111100000000000000000000000000000000000000000000000000000000000000000000000000000000000000000-0020406080a0ccdefg0jkl0nop0rstjlnprtnnnnnnpppppprrssNOPQH-VV-----------------------------------------------------------------------------------------000000000000000000000000000000000000000000000000000000000000000000000000000000000000000000000000000000000000000000000000000000000000000000000000000000---------------------------------------------------------HHHH-----------------------------------------------------------------------------------------;1.0;0.1659722222222223;0.18648318809515763;0.951080476263859;0.9714140062904365;0.08480996400900552;0.5599599761467802;0.1659722222222223;0.1659722222222223;21;101111111111111101111011111110111111011111111011111111011000001000010010000000000000000000000000000000000000000000000010000000000000000000010010001000000010000000000000100000010000000010001000000000000000000000000100000000000000001000010000000000000000000100000100000001000000000100000000000000000000000001010101000110001000100000001111100000000000000000000000000000100100000000000000101000000100000010000000000000000000000010000000000000000110000000001000010010100000000000000000001000000010000100010001100000010000000000001000001000000000000000000000100000000000001010000000000000000000001000000000001000100000000000100000000000000000000000000000000100000000100000000010010100000000000000000001000000000001000000000000000000000000000000000000000000111111111101111111111111111111111111111111111111011111111111100000100000000000000000000000011100000000000000010000000000000000000000000000001000000000-0020406080a0ccdefg0jkl0nop0rstjlnpr8nnnnnnpppppprrssNOPQH-MV-----------------------------------e--------------r---q--C-------------------------O-----000000000000000000100000000000000100000000000000000000000000000000000000100000000001010000000000000000000000100000000000010001000000000000000000001000---------------------------------------------------------llll-----------------------------------------------------------------------------------------
_SEEDS_111111111111111111111111111111111111111111111111111111111000000000000000000000000000000000000000000000000000000000000000000000000000000000000000000000000000000000000000000000000000000000000000000000000000000000000000000000000000000000000000000000000000000000000000000000000000000000000000000000000000000101010101000110000000000000011111100000000000000000000000000000000000000000000000000000000000000000000000000000000000000000000000000000000000000000000000000000000000000000000000000000000000000000000000000000000000000000000000000000000000000000000000000000000000000000000000000000000000000000000000000000000000000000000000000000000000000000000000000000000000000000000000000000000000000000000000000000000000000000000000000000000000000000000000000000111111111111111111111111111111111111111111111111111111111111100000000000000000000000000000000000000000000000000000000000000000000000000000000000000000-0020406080a0ccdefg0jkl0nop0rstjlnprtnnnnnnpppppprrssNOPQH-VV-----------------------------------------------------------------------------------------000000000000000000000000000000000000000000000000000000000000000000000000000000000000000000000000000000000000000000000000000000000000000000000000000000---------------------------------------------------------HHHH-----------------------------------------------------------------------------------------;1.0;0.1340079365079364;0.08419299023927529;0.9435168663451217;0.9760639246309708;0.09130303591312501;0.5381807922727382;0.1340079365079364;0.1340079365079364;21;101111111111111101111011111110111111011111111011111111111000001000010000000000000000000000000000010000000000000000000010000000000000000000000010001000000010000000000000100000010000000010001000000000000000000000000100000000000000001000010000000000000000000100000100000001000000000100000000000000000000000001010101000110001000100000001111100000000000000000000000000000100000000000000000101000000100000010000000000000000000000010000000000000000010000000001000010010100000000000000000001000000010000100010001100000000000000000001000001000000000000000000000100000000000000010000000000000000000001000000000001000100000000000100000000000000000000000000000000100000000100000000010010100000000000000000001000000000001000000000000000000000000000000000000000000111111111101111111111111111111111111111111111111111111111111100000100100000000000000000000001100000000000000010000000000000000010000000001001000000000-0020406080a0ccdefg0jkl0nop0rstjlnpr8nnnnnnpppppprrssNOPQH-MV-----------------------------------e--------------r---q--C--h----------------------O-----000000000000000000100000000000000100000000000000000000000000000000000000100000000001010000000000000000000000100000000000011001000000000000000000000000---------------------------------------------------------llll-----------------------------------------------------------------------------------------
_SEEDS_111111111111111111111111111111111111111111111111111111111000000000000000000000000000000000000000000000000000000000000000000000000000000000000000000000000000000000000000000000000000000000000000000000000000000000000000000000000000000000000000000000000000000000000000000000000000000000000000000000000000000101010101000110000000000000011111100000000000000000000000000000000000000000000000000000000000000000000000000000000000000000000000000000000000000000000000000000000000000000000000000000000000000000000000000000000000000000000000000000000000000000000000000000000000000000000000000000000000000000000000000000000000000000000000000000000000000000000000000000000000000000000000000000000000000000000000000000000000000000000000000000000000000000000000000000111111111111111111111111111111111111111111111111111111111111100000000000000000000000000000000000000000000000000000000000000000000000000000000000000000-0020406080a0ccdefg0jkl0nop0rstjlnprtnnnnnnpppppprrssNOPQH-VV-----------------------------------------------------------------------------------------000000000000000000000000000000000000000000000000000000000000000000000000000000000000000000000000000000000000000000000000000000000000000000000000000000---------------------------------------------------------HHHH-----------------------------------------------------------------------------------------;1.0;0.1585119047619047;0.20006965830097834;0.9502726752239706;0.9736925968455314;0.10683670432622777;0.5648972565764355;0.1585119047619047;0.1585119047619047;21;101111111111111101111011111110111111011111111011111111111000001000010000000000000000000000000000000000000000000000000010000000000000000000000010001000000010000000000000100000110000000010001000000000000000000000000100000000000000001010010000000000000000000100000100000001000000000100000000000000000000000001010101000110001000100000001111100000000000000000000000000000100000000000000000101000000100000010000001000000000000000010000000000000000010010000001000010010100000000000000000001000000010001100010001100000000000000000001000001000000000000000000010100000000000000010000000000000000000001000000000001000100000000000100000000000000000000000010000000100000000100000000010010000000000000000000001000000000001000000000000000000000000000000000000000000110111111101111111111111111111111111111111111111111111111111100000100000000001000100000000011100000000000000010000000000000000000000100000001000000000-0020406080a0ccdefg0jkl0nop0rstjlnpr8nnnnnnpppppprrsiNOPQH-MV-----------------------------------e-----j----ç---r---q--C-------------------------O-----000000000000000000100000000000000100000000000000000000000000000000000000101000000001010000000000000000010000100000000000010000000000000000110000000000---------------------------------------------------------llll-----------------------------------------------------------------------------------------
_SEEDS_111111111111111111111111111111111111111111111111111111111000000000000000000000000000000000000000000000000000000000000000000000000000000000000000000000000000000000000000000000000000000000000000000000000000000000000000000000000000000000000000000000000000000000000000000000000000000000000000000000000000000101010101000110000000000000011111100000000000000000000000000000000000000000000000000000000000000000000000000000000000000000000000000000000000000000000000000000000000000000000000000000000000000000000000000000000000000000000000000000000000000000000000000000000000000000000000000000000000000000000000000000000000000000000000000000000000000000000000000000000000000000000000000000000000000000000000000000000000000000000000000000000000000000000000000000111111111111111111111111111111111111111111111111111111111111100000000000000000000000000000000000000000000000000000000000000000000000000000000000000000-0020406080a0ccdefg0jkl0nop0rstjlnprtnnnnnnpppppprrssNOPQH-VV-----------------------------------------------------------------------------------------000000000000000000000000000000000000000000000000000000000000000000000000000000000000000000000000000000000000000000000000000000000000000000000000000000---------------------------------------------------------HHHH-----------------------------------------------------------------------------------------;1.0;0.13474206349206352;0.18830158879130665;0.9401732283190074;0.9727934776942894;0.11474267293713333;0.5584588385389667;0.13474206349206352;0.13474206349206352;21;101111111111111101111011111110111111011111111011111111111000001000010000000000000000000100000000000000000000000000000010000000000000000000000010001000000010000000000000100000010000000010001000000000000000000000000100000000010000001000010000000000000000001100000100000001000000000100000000000000000000100001010101000110001000100000001111100000000000000000000101000000100000000000000000101000000100000010000000000000000000000010000000000000000010000000001000010010100000000000000000001000000010000100010001100000000000000000001000001000000000000000000000100001000000000010000000000000000000001000000000001000100000000000100000000000000000000000000000000100000000100000000010010100000000000000000001000000000001000000000000000000000000000000000000000000111111111101111111111111111111111011111111111111111111111111100000100000000000000000000000011100000000000000010000000000000000000000000000001000000000-0020406080a0ccdefg0jkl0nop0rstjlnpr8nnnnnnpppppprrssNOPQH-MV-----------------------------------e--------------r---q--C-------------------------O-----000000000000000000100000000000000100000000000000000000000000000000000000100000000001010000000000000000000000100000000000010001000000000000000000001000---------------------------------------------------------llll-----------------------------------------------------------------------------------------
_SEEDS_111111111111111111111111111111111111111111111111111111111000000000000000000000000000000000000000000000000000000000000000000000000000000000000000000000000000000000000000000000000000000000000000000000000000000000000000000000000000000000000000000000000000000000000000000000000000000000000000000000000000000101010101000110000000000000011111100000000000000000000000000000000000000000000000000000000000000000000000000000000000000000000000000000000000000000000000000000000000000000000000000000000000000000000000000000000000000000000000000000000000000000000000000000000000000000000000000000000000000000000000000000000000000000000000000000000000000000000000000000000000000000000000000000000000000000000000000000000000000000000000000000000000000000000000000000111111111111111111111111111111111111111111111111111111111111100000000000000000000000000000000000000000000000000000000000000000000000000000000000000000-0020406080a0ccdefg0jkl0nop0rstjlnprtnnnnnnpppppprrssNOPQH-VV-----------------------------------------------------------------------------------------000000000000000000000000000000000000000000000000000000000000000000000000000000000000000000000000000000000000000000000000000000000000000000000000000000---------------------------------------------------------HHHH-----------------------------------------------------------------------------------------;1.0;0.14642857142857169;0.16324581673248517;0.9582649731875738;0.9822728248933568;0.0892894911304036;0.5565836128953985;0.14642857142857169;0.14642857142857169;6;101111111111111101111011111110111111011111111011111111111000001000010000000000000000000000000000000010000000000000000010000000000000000000000010001000000010000000000000100000010000000010001000000000000000000000000100000000000000001000010000000000000000000100000100000001000000000100000000000000000000000001010101000110001000100000001111100000000000000000000000000000100000000000000000101000000100000010000000000000000000000010000100000000000010000000001000010010100000000000000000001000000010000100010001100000000000000000001000001000000000000000000000100000000000000010000000000001000000001000000000001000100000000000100000000000000000000000000000000100000000100000000010010100000000000000000001000000000001000000000000000000000000000000000000000000111111111101111111111111111111111111111111111111111111111111100000100000000000000000000000011100000000000000010000000000000000000000000000001000000000-0020406080a0ccdefg0jkl0nop0rstjlnprXnnnnnApppppprrssNOPQH-MV----------------i------------------e--------------r---q--C-------------------------O-----000000000000000000100000000000000100000000000000000000000000000000000000101000000001010000100000000000000000100000010000010001001000000000000000000010---------------------------------------------------------6666-----------------------------------------------------------------------------------------
_SEEDS_111111111111111111111111111111111111111111111111111111111000000000000000000000000000000000000000000000000000000000000000000000000000000000000000000000000000000000000000000000000000000000000000000000000000000000000000000000000000000000000000000000000000000000000000000000000000000000000000000000000000000101010101000110000000000000011111100000000000000000000000000000000000000000000000000000000000000000000000000000000000000000000000000000000000000000000000000000000000000000000000000000000000000000000000000000000000000000000000000000000000000000000000000000000000000000000000000000000000000000000000000000000000000000000000000000000000000000000000000000000000000000000000000000000000000000000000000000000000000000000000000000000000000000000000000000111111111111111111111111111111111111111111111111111111111111100000000000000000000000000000000000000000000000000000000000000000000000000000000000000000-0020406080a0ccdefg0jkl0nop0rstjlnprtnnnnnnpppppprrssNOPQH-VV-----------------------------------------------------------------------------------------000000000000000000000000000000000000000000000000000000000000000000000000000000000000000000000000000000000000000000000000000000000000000000000000000000---------------------------------------------------------HHHH-----------------------------------------------------------------------------------------;1.0;0.14200396825396844;0.12296017030612794;0.9535176167748984;0.981074338070056;0.10020229655264164;0.5499597316596153;0.14200396825396844;0.14200396825396844;21;101111111111111101111011111110111111011111111011111111111000001000010000000000000000000000000000000000000000000000000010000000000000000000000010001000000010000010000000100000010000000010001000000000000000000000000100000000000000001000010000000000000000000100000100000001000000000100000000000000010000000001010101000110001000100000001111100000000000000000000000000000100000000000000000101000000100000010000000000000000000000110000000000000000010000000001000010010100000000000000000001000000010000100010001100000000000000000001000001000000000000000000000100000000000000010000000000000000100001000000000001000100000000000100000000000000000000000000000000100000000100000000010010100000010000000000001000000000001000000000000000000000000000000000000000000111111111101111111111111110111111111111111111111111111101111100000100100000000000000000000001100000000000000010000000000000000000000000001001000000000-0020406080a0ccdefg0jkl0nop0rstjlnpr8nnnnnnpppppprrssNOPQH-#V-----------------------------------e--------------r---q--C-------------------------O-----000000000000000000100000000000000100000000000000000000000000000000000000100000000001010000000000000000000000100000000000011001000000000000000000000000---------------------------------------------------------llll-----------------------------------------------------------------------------------------
_SEEDS_111111111111111111111111111111111111111111111111111111111000000000000000000000000000000000000000000000000000000000000000000000000000000000000000000000000000000000000000000000000000000000000000000000000000000000000000000000000000000000000000000000000000000000000000000000000000000000000000000000000000000101010101000110000000000000011111100000000000000000000000000000000000000000000000000000000000000000000000000000000000000000000000000000000000000000000000000000000000000000000000000000000000000000000000000000000000000000000000000000000000000000000000000000000000000000000000000000000000000000000000000000000000000000000000000000000000000000000000000000000000000000000000000000000000000000000000000000000000000000000000000000000000000000000000000000111111111111111111111111111111111111111111111111111111111111100000000000000000000000000000000000000000000000000000000000000000000000000000000000000000-0020406080a0ccdefg0jkl0nop0rstjlnprtnnnnnnpppppprrssNOPQH-VV-----------------------------------------------------------------------------------------000000000000000000000000000000000000000000000000000000000000000000000000000000000000000000000000000000000000000000000000000000000000000000000000000000---------------------------------------------------------HHHH-----------------------------------------------------------------------------------------;1.0;0.12317460317460349;0.11696040946099318;0.9339679472117665;0.9664198506916428;0.07978896778383644;0.5367186297204737;0.12317460317460349;0.12317460317460349;21;101111111111111111111011111110111101001111111011111111111000001000010000000000000000000000000000000000000000000000000010010000000000000000000010001000000010000000000000100000010000000010001000000000000000000000000100000000000001001010010000000000000000000100000100000001000000000100000000000000000000000001010101000110001000100000001111100000000000000000000000000000100100000000000000101000000100100010000000000000000000000010000000000000000010000000001000010010100000000000000000001000000010000100010001100000010000000000001000001000000000000000000000100000000000000010000000000000000000001000000000001000100000000000100000000000000000000000000000000100000000100000000010010100000000000000000001100000000001000000000000000000000000000000000000000000111111111101111111111111111111111111111111111111111111111111100000100000000001000000000000011100000000000000010000000000000000000000100000001000000000-0020406080a0ccdefg0jkl0nop0rstjlnpr8nnnnnnpppppprrsiNOPQH-MV-----------------------------------e-----j----ç---r---q--C-------------------------O-----000000000000000000100000000000000100000000000000000000000000000000000000101000000001010000000000000000000000100000000000010000001000000000110000000000---------------------------------------------------------llll-----------------------------------------------------------------------------------------
_SEEDS_111111111111111111111111111111111111111111111111111111111000000000000000000000000000000000000000000000000000000000000000000000000000000000000000000000000000000000000000000000000000000000000000000000000000000000000000000000000000000000000000000000000000000000000000000000000000000000000000000000000000000101010101000110000000000000011111100000000000000000000000000000000000000000000000000000000000000000000000000000000000000000000000000000000000000000000000000000000000000000000000000000000000000000000000000000000000000000000000000000000000000000000000000000000000000000000000000000000000000000000000000000000000000000000000000000000000000000000000000000000000000000000000000000000000000000000000000000000000000000000000000000000000000000000000000000111111111111111111111111111111111111111111111111111111111111100000000000000000000000000000000000000000000000000000000000000000000000000000000000000000-0020406080a0ccdefg0jkl0nop0rstjlnprtnnnnnnpppppprrssNOPQH-VV-----------------------------------------------------------------------------------------000000000000000000000000000000000000000000000000000000000000000000000000000000000000000000000000000000000000000000000000000000000000000000000000000000---------------------------------------------------------HHHH-----------------------------------------------------------------------------------------;1.0;0.1217460317460316;0.06819788075352917;0.9410878972840113;0.9754413064598829;0.10303944250874245;0.5349187597920328;0.1217460317460316;0.1217460317460316;21;101111111111111101111011011110111111011111111011111111011000001000010000000000000000000000000000000000000000000000000010000000000000000000010010001000000010000000000000100000010000000010001000000000000000000000000100000000000000001000010000000000000000100100000100000001000000000100000000000000000000000001010101000110001000100000001111100000000000000000000000000000100100000000000000101000000100000010000000000000000000000010000000000000000010000000001000010010100000000000000000011000000010000100010001100000000000000000001000001000000000000000000000100000000000000000000000000000000000000000000000001000100000000000100000000000000000000000000000000100000000100000000010010100000000100000000001000000000001000000000000000000000000000000000000000000111111111101111111111111110111111111111111111111111111111111100000100100000000000000000000001100000000000000010000000000000000000000000001001000000000-0020406080a0ccdefg0jkl0nop0rstjlnpr8nnnnnnpppppprrssNOPQH-MV-----------------------------------e--------------r---q--C---------------r---------O-----000000000000000000100000000000000100000000000000000000000000000000000000100000000001010000000000000000000000100000000000011001000000000000000000000000---------------------------------------------------------llll-----------------------------------------------------------------------------------------
_SEEDS_111111111111111111111111111111111111111111111111111111111000000000000000000000000000000000000000000000000000000000000000000000000000000000000000000000000000000000000000000000000000000000000000000000000000000000000000000000000000000000000000000000000000000000000000000000000000000000000000000000000000000101010101000110000000000000011111100000000000000000000000000000000000000000000000000000000000000000000000000000000000000000000000000000000000000000000000000000000000000000000000000000000000000000000000000000000000000000000000000000000000000000000000000000000000000000000000000000000000000000000000000000000000000000000000000000000000000000000000000000000000000000000000000000000000000000000000000000000000000000000000000000000000000000000000000000111111111111111111111111111111111111111111111111111111111111100000000000000000000000000000000000000000000000000000000000000000000000000000000000000000-0020406080a0ccdefg0jkl0nop0rstjlnprtnnnnnnpppppprrssNOPQH-VV-----------------------------------------------------------------------------------------000000000000000000000000000000000000000000000000000000000000000000000000000000000000000000000000000000000000000000000000000000000000000000000000000000---------------------------------------------------------HHHH-----------------------------------------------------------------------------------------;1.0;0.1303373015873016;0.0;0.9548614207748706;0.9826361140129256;0.09158729692891182;0.5265703555506683;0.1303373015873016;0.1303373015873016;21;101111111111111101111011111110111101011111111011111111111000001000010000000000000000100000000000000000000000000000000010000000000000000000000010001000000010000000000000100000010000000010001000000000000000000000000100000000000000001000010000000000000000000100000100000001000000000100000000000000000000000101010101000110001000100000001111100000000000000000000000000000100000000000000000101000000100000010000000000000000000000010000000000000000010000000001000010010000000000000000000001000000010000100010001100000000000010000001000000000000000000000000000100000010000000010000000000000000000001000000000001000100000000000100000000000000000000000000000000100000000100000000010010100000000000000000001000000000001000000000000000000000000000000000000000000111111111101111111111111111111111111111111111111111111111111100000100000000000000000000000000000000000100000000000101010000000000000000000000000000000e002040608Aa0Xcdefg0M1l0nov0rstjlnpr8nnEMnnpppppprrjsNOPQH-VV-----------K--------------i------------------------------C-------------------------O--R--000000000001000000100000000000000100000000000000000000000000000000000001100000000001000000000000000000010000100000000000010010000000000000010000000000---------------------------------------------------------llll-----------------------------------------------------------------------------------------
_SEEDS_111111111111111111111111111111111111111111111111111111111000000000000000000000000000000000000000000000000000000000000000000000000000000000000000000000000000000000000000000000000000000000000000000000000000000000000000000000000000000000000000000000000000000000000000000000000000000000000000000000000000000101010101000110000000000000011111100000000000000000000000000000000000000000000000000000000000000000000000000000000000000000000000000000000000000000000000000000000000000000000000000000000000000000000000000000000000000000000000000000000000000000000000000000000000000000000000000000000000000000000000000000000000000000000000000000000000000000000000000000000000000000000000000000000000000000000000000000000000000000000000000000000000000000000000000000111111111111111111111111111111111111111111111111111111111111100000000000000000000000000000000000000000000000000000000000000000000000000000000000000000-0020406080a0ccdefg0jkl0nop0rstjlnprtnnnnnnpppppprrssNOPQH-VV-----------------------------------------------------------------------------------------000000000000000000000000000000000000000000000000000000000000000000000000000000000000000000000000000000000000000000000000000000000000000000000000000000---------------------------------------------------------HHHH-----------------------------------------------------------------------------------------;1.0;0.14787698412698413;0.17808804216108076;0.9521231539179403;0.9763497307799286;0.10814775380032532;0.5604309441310432;0.14787698412698413;0.14787698412698413;21;101111111111111111111011111110111111001111111011111111111000001000010000000000000000001000000000000000000000000000000010010000000000000000000010001000000010000000000000100000010000000010001000000000000000000000000100000000000000001000010000000000000000000100000100000001000000000100000000000000000000000101010101000110001000100000001111100000000000000000000000000000100000000000000000101100000100000010000000000000000000000010000010000000000010000000001000010010000000000000000000001000000010000100010001100000000000010000001000000000000000000000000000100000010000000010000000000000000000001000000000001000100000000000100000000000000000000000000000000100000000100000000010010100000000000000000001000000000001000000000000000000000000000000000000000000111111111101111111111111110111111111111111111111111111111111100000100100000000000000000000001100000000000000010000000000000000000000000001001000000000-0020406080a0ccdefg0jkl0nop0rstjlnpr8nnnnnnpppppprrssNOPQH-MV---------------9-------------------e--------------r---q--C-------------------------O-----000000000000000000100000000000000100000000000000000000000000000000000000100000000001010000000000000000000000100000000000011001000000000000000000000000---------------------------------------------------------llll-----------------------------------------------------------------------------------------
_SEEDS_111111111111111111111111111111111111111111111111111111111000000000000000000000000000000000000000000000000000000000000000000000000000000000000000000000000000000000000000000000000000000000000000000000000000000000000000000000000000000000000000000000000000000000000000000000000000000000000000000000000000000101010101000110000000000000011111100000000000000000000000000000000000000000000000000000000000000000000000000000000000000000000000000000000000000000000000000000000000000000000000000000000000000000000000000000000000000000000000000000000000000000000000000000000000000000000000000000000000000000000000000000000000000000000000000000000000000000000000000000000000000000000000000000000000000000000000000000000000000000000000000000000000000000000000000000111111111111111111111111111111111111111111111111111111111111100000000000000000000000000000000000000000000000000000000000000000000000000000000000000000-0020406080a0ccdefg0jkl0nop0rstjlnprtnnnnnnpppppprrssNOPQH-VV-----------------------------------------------------------------------------------------000000000000000000000000000000000000000000000000000000000000000000000000000000000000000000000000000000000000000000000000000000000000000000000000000000---------------------------------------------------------HHHH-----------------------------------------------------------------------------------------;1.0;0.14503968253968236;0.0;0.9599003165153995;0.9796628044202864;0.124666489820646;0.5348782155493358;0.14503968253968236;0.14503968253968236;21;111111111111111101111011111110111111011111111001111111111000001000010000000000000000000000000000000000000000000000000010000000000100000010000010001000000010000000000000100000110000000000001000000001000000000000000100000000000000001000010000000000000000000100001100000001000000000100000000000000000000100001010101000110001000100000001111100000000000000000000010000000100000000000000000101000000100000010001000000010000000000010000000000000000010000000001000010010100000000000000000001000000010000100010001100000000010000000001000001000000000000000000000100000000000000010000000000000000000001000000000001000100000000000100000000000000000000000000000000100000000100000000010010100000000000000000001000000000001000000000000000000000100000000000000010000111111111101111111111111111111011111111111011111111111111111100000000000000000000000000000000000000000000000001000001010000000000000000100000000000000-0020406080a0ccdefg0jkl0nop0rstjlnpr8nnnnnnpppppprrssNOwQH-MV-----------------------------------e--------------r---q--C-------------------------O-----000001000000000000100000000000000100000000000000000000000000000000000000100000000001010000000000000000000000100000000000011001000000000000000000000000---------------------------------------------------------llll-----------------------------------------------------------------------------------------
_SEEDS_111111111111111111111111111111111111111111111111111111111000000000000000000000000000000000000000000000000000000000000000000000000000000000000000000000000000000000000000000000000000000000000000000000000000000000000000000000000000000000000000000000000000000000000000000000000000000000000000000000000000000101010101000110000000000000011111100000000000000000000000000000000000000000000000000000000000000000000000000000000000000000000000000000000000000000000000000000000000000000000000000000000000000000000000000000000000000000000000000000000000000000000000000000000000000000000000000000000000000000000000000000000000000000000000000000000000000000000000000000000000000000000000000000000000000000000000000000000000000000000000000000000000000000000000000000111111111111111111111111111111111111111111111111111111111111100000000000000000000000000000000000000000000000000000000000000000000000000000000000000000-0020406080a0ccdefg0jkl0nop0rstjlnprtnnnnnnpppppprrssNOPQH-VV-----------------------------------------------------------------------------------------000000000000000000000000000000000000000000000000000000000000000000000000000000000000000000000000000000000000000000000000000000000000000000000000000000---------------------------------------------------------HHHH-----------------------------------------------------------------------------------------;1.0;0.13182539682539685;0.1662859140642744;0.9446262659366542;0.9749802859075833;0.09057814365510727;0.5513826677315027;0.13182539682539685;0.13182539682539685;21;101111111111111101111011111110111111011111111011111111111000001000010000000000000000100000000000000000000000000000000010000000000000010000000010001000000010000000000000100000010000000010001000000000000000000000000100000000000000001000010000100000000000000100000100000001000000000100000000000000000000000001010101000110001000100000001111100000000000000000000000000000100000010000000000101000000100000010000000000000000000000010000000000000000010000000001000010010100000000000000000001000000010000100010001100000000000000000001000001000000000000000000000100000000000000010000000000000000000111000000000001000100000000000100000000000000000000000000000000100000000100000000010010100000000000000000001000000000001000000000000000000000000000000000000000000111111111101111111111111111111111111111111111111111111111111100000100000000000000000000000011100000000000000010000000000000000000000000000001000000000-0020406080a0ccdefg0jkl0nop0rstjlnpr8nnnnnnpppppprrssNOPQH-MV-----------------------------------e--------------r---q--C-------------------------O-----000000000000000000100000000000000100000000000000000000000000000000000000100000000001010000000000000000000000100000000000010001000000000000000000001000---------------------------------------------------------llll-----------------------------------------------------------------------------------------
_SEEDS_111111111111111111111111111111111111111111111111111111111000000000000000000000000000000000000000000000000000000000000000000000000000000000000000000000000000000000000000000000000000000000000000000000000000000000000000000000000000000000000000000000000000000000000000000000000000000000000000000000000000000101010101000110000000000000011111100000000000000000000000000000000000000000000000000000000000000000000000000000000000000000000000000000000000000000000000000000000000000000000000000000000000000000000000000000000000000000000000000000000000000000000000000000000000000000000000000000000000000000000000000000000000000000000000000000000000000000000000000000000000000000000000000000000000000000000000000000000000000000000000000000000000000000000000000000111111111111111111111111111111111111111111111111111111111111100000000000000000000000000000000000000000000000000000000000000000000000000000000000000000-0020406080a0ccdefg0jkl0nop0rstjlnprtnnnnnnpppppprrssNOPQH-VV-----------------------------------------------------------------------------------------000000000000000000000000000000000000000000000000000000000000000000000000000000000000000000000000000000000000000000000000000000000000000000000000000000---------------------------------------------------------HHHH-----------------------------------------------------------------------------------------;1.0;0.1148611111111113;0.05361372344130966;0.9553750039512998;0.9837897612459016;0.10691391542751084;0.5357589191961888;0.1148611111111113;0.1148611111111113;21;101111111111111101111011111110111111011111101011111111111000001000010000000000000000000000000000100000000000000000000010000000000000000000000010001000000010000000000000100000010000000010001000000000000000000000000100000000000000001000010000000000000000000100000100000001000000000100000000000000000000000001010101000110001000100000011111100000000000000000000000000000100000000000000000101000000100000010000000000001000000000010000010000000000010000000001000010010100000000000000000001000000010000100010001100000000000000000001000001000000000000000000000100000000000000010000000000000000000001000000000001000100000000000100000000000000000000000000000000100000000100000000010010100000000000000000001000000000011000000000000000000000000000000000000000000111111111101111111111111111111111110111111111111111111111111100000100100000000000000000000001100000000000000010000000000000000000000000001001000000000-0020406080a0ccdefg0jkl0nop0rstjlnprrnnnnnnpppppprrssNOPQH-MV-----------------------------------e--------------r---q--C-------------------------O-----000000000000000000100000000000000100000000000000000000000000000000000000100000000001010000000000000000000000100000000000011001000100000000000000000000---------------------------------------------------------llll-----------------------------------------------------------------------------------------
_SEEDS_111111111111111111111111111111111111111111111111111111111000000000000000000000000000000000000000000000000000000000000000000000000000000000000000000000000000000000000000000000000000000000000000000000000000000000000000000000000000000000000000000000000000000000000000000000000000000000000000000000000000000101010101000110000000000000011111100000000000000000000000000000000000000000000000000000000000000000000000000000000000000000000000000000000000000000000000000000000000000000000000000000000000000000000000000000000000000000000000000000000000000000000000000000000000000000000000000000000000000000000000000000000000000000000000000000000000000000000000000000000000000000000000000000000000000000000000000000000000000000000000000000000000000000000000000000111111111111111111111111111111111111111111111111111111111111100000000000000000000000000000000000000000000000000000000000000000000000000000000000000000-0020406080a0ccdefg0jkl0nop0rstjlnprtnnnnnnpppppprrssNOPQH-VV-----------------------------------------------------------------------------------------000000000000000000000000000000000000000000000000000000000000000000000000000000000000000000000000000000000000000000000000000000000000000000000000000000---------------------------------------------------------HHHH-----------------------------------------------------------------------------------------;1.0;0.12984126984126976;0.02145488029465925;0.9376062079404437;0.9692157778381432;0.09288574640974973;0.5251673137207109;0.12984126984126976;0.12984126984126976;6;101111111111110101111011111110111111011111111011111111111000001000011000000000000000100000000000000000000000000000000010000000000000000000000010001000000010000000000000100000010000000010001000000000000000000000000100000000000000001000010000100000000000000100000100000001000000000100000000000000000000000001010101000110001000100000001111100000000000000000000000000000100100000000000000101000000100000010000000000000000000100010000000000000000010000000001000010010100000000000000000001000000010000100010001100000000000000000001000001000000000000000000000100000000000000010000000000000000000001000000000001000100000000000100000000000000000000000000000000100000000100000000010010100000000000010000001000000000001000000000000000000000001000000000000000000111111111101111011111111111111111111111111111111111101111111100000100000000010000000010000011100000000000000010000000000000000000100000000001000000000-0020406080a0ccdefg0jkl0nop0rstjlnpr8VnnénnpppppprrssNOPQH-MV-----------------------------------e--------------r---q--C-------------------------O-----000000000000000000100000000000000100000000000000000000000000000000000000101000000001010000000000100000000000100000010000010001000000000000000000000010---------------------------------------------------------6666-----------------------------------------------------------------------------------------
_SEEDS_111111111111111111111111111111111111111111111111111111111000000000000000000000000000000000000000000000000000000000000000000000000000000000000000000000000000000000000000000000000000000000000000000000000000000000000000000000000000000000000000000000000000000000000000000000000000000000000000000000000000000101010101000110000000000000011111100000000000000000000000000000000000000000000000000000000000000000000000000000000000000000000000000000000000000000000000000000000000000000000000000000000000000000000000000000000000000000000000000000000000000000000000000000000000000000000000000000000000000000000000000000000000000000000000000000000000000000000000000000000000000000000000000000000000000000000000000000000000000000000000000000000000000000000000000000111111111111111111111111111111111111111111111111111111111111100000000000000000000000000000000000000000000000000000000000000000000000000000000000000000-0020406080a0ccdefg0jkl0nop0rstjlnprtnnnnnnpppppprrssNOPQH-VV-----------------------------------------------------------------------------------------000000000000000000000000000000000000000000000000000000000000000000000000000000000000000000000000000000000000000000000000000000000000000000000000000000---------------------------------------------------------HHHH-----------------------------------------------------------------------------------------;1.0;0.12224206349206357;0.2500930154119124;0.953362610593143;0.9817826642168748;0.1161286542194695;0.5706015013222439;0.12224206349206357;0.12224206349206357;66;101111111111111101111011111110111111011111111011111111111000001000010000000000000000100001000000000000000000000000000010000000000000000000000010001000000010000000000000100000010000000010011000000000000000000000000100100000000000001000010000100000000000000100000100000001000000000100000000000000000000000001010101000110001000100000001111100000000000000000000000000000100100000000000101101000000100000000000000000000000000100010000000000000000010000000001000010010100000000000000000001000000010000000010001100100000000000000001000001000000000000000000000100000000000000010000000000000000000001000000000001000100000000000100000000000000000000000000000000100000000100000000010010100000000000000000001000000000001000000000000000000000000000000000000000000111111111101111111111111111110111111111111111111111101111111100000100000000000000000000000011100000000000000010000000000000000000000000000001000000000-0020406080a0ccdefg0jkl0nop0rstjlnpr8nnnénnpppppprrssNOPQH-MV-----------------------j-----------e--------------r---q--C-------------------------O-----000000000000000000100000000000000100000000000000000000000000000000000000110000000001010000000000000000000000100000000000011001000000000000000000000000---------------------------------------------------------####-----------------------------------------------------------------------------------------
_SEEDS_111111111111111111111111111111111111111111111111111111111000000000000000000000000000000000000000000000000000000000000000000000000000000000000000000000000000000000000000000000000000000000000000000000000000000000000000000000000000000000000000000000000000000000000000000000000000000000000000000000000000000101010101000110000000000000011111100000000000000000000000000000000000000000000000000000000000000000000000000000000000000000000000000000000000000000000000000000000000000000000000000000000000000000000000000000000000000000000000000000000000000000000000000000000000000000000000000000000000000000000000000000000000000000000000000000000000000000000000000000000000000000000000000000000000000000000000000000000000000000000000000000000000000000000000000000111111111111111111111111111111111111111111111111111111111111100000000000000000000000000000000000000000000000000000000000000000000000000000000000000000-0020406080a0ccdefg0jkl0nop0rstjlnprtnnnnnnpppppprrssNOPQH-VV-----------------------------------------------------------------------------------------000000000000000000000000000000000000000000000000000000000000000000000000000000000000000000000000000000000000000000000000000000000000000000000000000000---------------------------------------------------------HHHH-----------------------------------------------------------------------------------------;1.0;0.14001984126984124;0.10017558386861969;0.9514072211507167;0.9746604726690105;0.08067408182225169;0.5411562001300733;0.14001984126984124;0.14001984126984124;21;101111111111111101111011111110111111011111111011111011111010001000010000000000000000000000000000000000000000000000000010000000000000000000000010001000000010000000000000100000010000000010001000000000000000000000000100000000000000001000010000000000000000000000000100000001000000000100000000000000000000000001010101000110001000100000001111100000000000000000000000000000100000000000000000101000010100000010000000000000000000000010000000000000000010000000000000010010100000000000000000001000000010000100010001100100000000000000001000001000000000000000000000101000000000000010000000000000000000001000010000001000100000000000100000000000000000000000000000000100000000100000000010010100000000000000000001000000000001000000000000001000000000001000000000000000111111111101111111111111111111111111111111111111111111111111100000100100000000000000000000001100000000000000010000000000000000000000000001001000000000-0020406080a0ccdefg0jkl0nop0rstjlnpr8nnnnnnpppppprrssNOPQH-MV-----------------------------------e--------------r---q--C-------------------------O-----000000100000000000100000000000000100000000000000000000000000000000000000100000000001010000000000000000000000100000000000011001000000000000000000000000---------------------------------------------------------llll-----------------------------------------------------------------------------------------
_SEEDS_111111111111111111111111111111111111111111111111111111111000000000000000000000000000000000000000000000000000000000000000000000000000000000000000000000000000000000000000000000000000000000000000000000000000000000000000000000000000000000000000000000000000000000000000000000000000000000000000000000000000000101010101000110000000000000011111100000000000000000000000000000000000000000000000000000000000000000000000000000000000000000000000000000000000000000000000000000000000000000000000000000000000000000000000000000000000000000000000000000000000000000000000000000000000000000000000000000000000000000000000000000000000000000000000000000000000000000000000000000000000000000000000000000000000000000000000000000000000000000000000000000000000000000000000000000111111111111111111111111111111111111111111111111111111111111100000000000000000000000000000000000000000000000000000000000000000000000000000000000000000-0020406080a0ccdefg0jkl0nop0rstjlnprtnnnnnnpppppprrssNOPQH-VV-----------------------------------------------------------------------------------------000000000000000000000000000000000000000000000000000000000000000000000000000000000000000000000000000000000000000000000000000000000000000000000000000000---------------------------------------------------------HHHH-----------------------------------------------------------------------------------------;1.0;0.1409920634920635;0.0;0.9431937586675624;0.9745897626454928;0.0946879933821421;0.5255772630312102;0.1409920634920635;0.1409920634920635;21;101111101111111101111011111110111111011111111011111111011000001000010000000000000000000000000000000000000000000000000010000000000000000000011010001000000010000000000000100000010000000010001000000000000000000000000100000000000000001000010000000000000000000100000100000001000000000100000000000000000000000001010101000110001000100000001111100000000000000000000000000000100100000000000000101000000100000010000000000000000000000010000000000000000110000000001000010010100000000000000000001000000010000100010001100000010000000000001000001000000000000000000000100000000000001010001000000000000000001000000000001000100000000000100000000000000000000000000000000100000000100000000010010100000000000000000001000000000001000000000000000000000000000000000000000000111111111101111111111111111111111111111111111111111101111111100000100000000000000000000000011100000000000000010000000100000000000000000000001000000000-0020406080a0ccdefg0jkl0nop0rstjlnpr8nnnénnpppppprrssNóPQH-MV-----------------------------------e--------------r---q--C-------------------------O-----000000000000000000100000000000000100000000000000000000000000000000000000100000000001010000000000000000000010100000000010010001000000000000000000001000---------------------------------------------------------llll-----------------------------------------------------------------------------------------
_SEEDS_111111111111111111111111111111111111111111111111111111111000000000000000000000000000000000000000000000000000000000000000000000000000000000000000000000000000000000000000000000000000000000000000000000000000000000000000000000000000000000000000000000000000000000000000000000000000000000000000000000000000000101010101000110000000000000011111100000000000000000000000000000000000000000000000000000000000000000000000000000000000000000000000000000000000000000000000000000000000000000000000000000000000000000000000000000000000000000000000000000000000000000000000000000000000000000000000000000000000000000000000000000000000000000000000000000000000000000000000000000000000000000000000000000000000000000000000000000000000000000000000000000000000000000000000000000111111111111111111111111111111111111111111111111111111111111100000000000000000000000000000000000000000000000000000000000000000000000000000000000000000-0020406080a0ccdefg0jkl0nop0rstjlnprtnnnnnnpppppprrssNOPQH-VV-----------------------------------------------------------------------------------------000000000000000000000000000000000000000000000000000000000000000000000000000000000000000000000000000000000000000000000000000000000000000000000000000000---------------------------------------------------------HHHH-----------------------------------------------------------------------------------------;1.0;0.1517063492063493;0.05526185358567337;0.9637357696072266;0.9833181327137275;0.0904241895684791;0.5407410491135759;0.1517063492063493;0.1517063492063493;21;101111111111111101111011111110111111011111111011111111111000001000010000000000000000000000000000000000000000001011000010000000000000000000000010001000000010000000000000100000010000000010001000000000000000000000000100000000000000001010010000000000000000000100000100000001000000000100000000000000000000000001010101000110001000100000001111100000000000000000000000000000100000000000000000101000000100000010000010000000000000000010000000000000000010010000001000010010100000000000000000001000000010001100010001100000000000000000001000001000000000000000000000100000000001000010000000000000000000100000000000001000100000000000100000000000000000000000000000000100000000100000000010010100010000000000000001000000000001000000000000000000000000001000000000000000101111111101111111111111110111111111111111111111111111111111100000100100000000000000000000001100000000000000010000000000000000000000000001001000001000-0020406080a0ccdefg0jkl0nop0rstjlnpr8nnnnnnpppppprrssNOPQH-MV---------X-------------------------e--------------r---q--C-------------------------O-----000000000000000000000000000000000101000000000000000000000000000000000000100000000001010000000000000000000000100100000000011001000100000000000000000000---------------------------------------------------------llll-----------------------------------------------------------------------------------------
_SEEDS_111111111111111111111111111111111111111111111111111111111000000000000000000000000000000000000000000000000000000000000000000000000000000000000000000000000000000000000000000000000000000000000000000000000000000000000000000000000000000000000000000000000000000000000000000000000000000000000000000000000000000101010101000110000000000000011111100000000000000000000000000000000000000000000000000000000000000000000000000000000000000000000000000000000000000000000000000000000000000000000000000000000000000000000000000000000000000000000000000000000000000000000000000000000000000000000000000000000000000000000000000000000000000000000000000000000000000000000000000000000000000000000000000000000000000000000000000000000000000000000000000000000000000000000000000000111111111111111111111111111111111111111111111111111111111111100000000000000000000000000000000000000000000000000000000000000000000000000000000000000000-0020406080a0ccdefg0jkl0nop0rstjlnprtnnnnnnpppppprrssNOPQH-VV-----------------------------------------------------------------------------------------000000000000000000000000000000000000000000000000000000000000000000000000000000000000000000000000000000000000000000000000000000000000000000000000000000---------------------------------------------------------HHHH-----------------------------------------------------------------------------------------;1.0;0.13263888888888886;0.0;0.9446955229782641;0.9743322635585441;0.0908690390968426;0.5237559524204233;0.13263888888888886;0.13263888888888886;6;001111111111111101111011111110111111011111111011111111111000001000010000000000000000000100000000000000000000000000000010000000000000000000000010001000000010000000000000100000010000000010001000000000000000000000000100000000000000001010110000000000000000000100000100000001000000000100000000000000000000000001010101000110001000100000001111100000000000000000000000000000100000000000000000101000000100000010000000000000000000000010000000000000000010010000001000010010100000000000001000001000000010001100010001100000000000000000001000001000000000000000000000100000000001000010000000000000100000100000000000001000100000000000100000000000000000000000000000000100000000100000000010010100010000000000000011000000000001000000000000000000000100000000000000000000111111111101111111111111111111011111111111001111111111111111100000100000000000000000000000000000000000000000001000001010000000000000000100000000000000e0020406080a0Xcdefg0Mkl0nov0rstjlnpr8nnnnnnpppprprrssNOPQH-VV-------------------------------------------------h----q--C-------------------------O-----000000000000000000100000000000000100001000000000000000000000000000000000101000000001010000000000000000000000100000010000010001000000000000000000000010---------------------------------------------------------6666-----------------------------------------------------------------------------------------
_SEEDS_111111111111111111111111111111111111111111111111111111111000000000000000000000000000000000000000000000000000000000000000000000000000000000000000000000000000000000000000000000000000000000000000000000000000000000000000000000000000000000000000000000000000000000000000000000000000000000000000000000000000000101010101000110000000000000011111100000000000000000000000000000000000000000000000000000000000000000000000000000000000000000000000000000000000000000000000000000000000000000000000000000000000000000000000000000000000000000000000000000000000000000000000000000000000000000000000000000000000000000000000000000000000000000000000000000000000000000000000000000000000000000000000000000000000000000000000000000000000000000000000000000000000000000000000000000111111111111111111111111111111111111111111111111111111111111100000000000000000000000000000000000000000000000000000000000000000000000000000000000000000-0020406080a0ccdefg0jkl0nop0rstjlnprtnnnnnnpppppprrssNOPQH-VV-----------------------------------------------------------------------------------------000000000000000000000000000000000000000000000000000000000000000000000000000000000000000000000000000000000000000000000000000000000000000000000000000000---------------------------------------------------------HHHH-----------------------------------------------------------------------------------------;1.0;0.11202380952380964;0.0;0.9358020293626093;0.9791345772925304;0.11023577205358905;0.5228660313720896;0.11202380952380964;0.11202380952380964;21;101101111111111101111001111110111111011111111011111111111000001000010000000000000000100000000000000000000000000000000010000000000000000000000010001000000010000000000000100000010000000010001000000000000000000000000100000000000000001001010000100000000000000100000100000001000000000100000000000000000000000001010101000110001000100000001111100000010000011000000000000000100100000000000000101000000100000010000000000000000000100010000000000000000010000000001000010010100000000000000000001000000010000100010001100000000000000000001000001000001000000000000000100000000000000010000000000000000000001000000100001000100000000000100000000000000000000000000000000100000000100000000010010100000000000001000001000000000001000000000000000000000000000000000000000000111111111101111111111111111111111111101111111111111111111111100000100000000000000000100000011100000000000000010000000000000000000000000000001000000000-0020406080a0ccdefg0jkl0nop0rstjlnpr8nnnnnnpppppprrssNOPQH-MV-----------------------------------e--------------r---q--C-------------------------O-----000000000000000000100000000000000100000000000000000000000000000010100000100000000001010000000000000000000000100000000000010001001000000000000000001000---------------------------------------------------------llll-----------------------------------------------------------------------------------------
_SEEDS_111111111111111111111111111111111111111111111111111111111000000000000000000000000000000000000000000000000000000000000000000000000000000000000000000000000000000000000000000000000000000000000000000000000000000000000000000000000000000000000000000000000000000000000000000000000000000000000000000000000000000101010101000110000000000000011111100000000000000000000000000000000000000000000000000000000000000000000000000000000000000000000000000000000000000000000000000000000000000000000000000000000000000000000000000000000000000000000000000000000000000000000000000000000000000000000000000000000000000000000000000000000000000000000000000000000000000000000000000000000000000000000000000000000000000000000000000000000000000000000000000000000000000000000000000000111111111111111111111111111111111111111111111111111111111111100000000000000000000000000000000000000000000000000000000000000000000000000000000000000000-0020406080a0ccdefg0jkl0nop0rstjlnprtnnnnnnpppppprrssNOPQH-VV-----------------------------------------------------------------------------------------000000000000000000000000000000000000000000000000000000000000000000000000000000000000000000000000000000000000000000000000000000000000000000000000000000---------------------------------------------------------HHHH-----------------------------------------------------------------------------------------;1.0;0.15107142857142863;0.200870709465783;0.9620113640939458;0.9836376932511983;0.09136324269868071;0.5648257396801728;0.15107142857142863;0.15107142857142863;21;101111111111111101111011111110111111011111111011111111111000001000010000000000000000000000000000000000000000000000000010000000000000000000000010001000000010000000000000100000010000000010001000000000000000000000000100000000000000001000010000000000000000000100000100000001000000000100000000000000000000000001010101000110001000100000001111100000000000000000000000000000100000000000000000101000000100000010000000000000000000000010000000000000000010000000001000010010100000000000000000001000000010000100010001100000000000000000001000001000000000000000000000100000000000000010000000000000000000001000000000001000100000000000100000000000000000000000000000000100000000100000000010010100000000000000000001000000000001000000000000000000000000000000000000000000111111111101111111111111111111111111111111111111111111111111100000100000000000000000000000011100000000000000010000000000000000000000000000001000010000-0020406080a0ccdefg0jkl0nop0rstjlnpr8nnnnnnpppppprrssNOPQH-MV-----------------------------------e--------------r---q--C-------------------------O-----000000000000000000100000000000000100000000000000000000000000000000000000100000000001010000000000000000000000100000000000010001000000000000000000001000---------------------------------------------------------llll-----------------------------------------------------------------------------------------
_SEEDS_111111111111111111111111111111111111111111111111111111111000000000000000000000000000000000000000000000000000000000000000000000000000000000000000000000000000000000000000000000000000000000000000000000000000000000000000000000000000000000000000000000000000000000000000000000000000000000000000000000000000000101010101000110000000000000011111100000000000000000000000000000000000000000000000000000000000000000000000000000000000000000000000000000000000000000000000000000000000000000000000000000000000000000000000000000000000000000000000000000000000000000000000000000000000000000000000000000000000000000000000000000000000000000000000000000000000000000000000000000000000000000000000000000000000000000000000000000000000000000000000000000000000000000000000000000111111111111111111111111111111111111111111111111111111111111100000000000000000000000000000000000000000000000000000000000000000000000000000000000000000-0020406080a0ccdefg0jkl0nop0rstjlnprtnnnnnnpppppprrssNOPQH-VV-----------------------------------------------------------------------------------------000000000000000000000000000000000000000000000000000000000000000000000000000000000000000000000000000000000000000000000000000000000000000000000000000000---------------------------------------------------------HHHH-----------------------------------------------------------------------------------------;1.0;0.15789682539682548;0.04903975826283857;0.9655487875649166;0.9804887569166266;0.09178679718771758;0.5407934875548208;0.15789682539682548;0.15789682539682548;21;101111111111111111111011111110111111001111111011111111111000001000010000000000000000000000000000000000000000000000000010010000000000000000000010001000000010000000000000100000010000000010001000000000000000000000000100000000000001001000010000000000000000000101000100000001000000000100000000000000000000000101010101000110001000100000001111100000000000000000000000000000100000000000000000101000000100000010000000000000000000000010000000000000000010000000001000010010000000000000000000001000000010000100010001100000000000010000001000000000000000000000000000100000010000000010000000000000000000001000000000001000100000000000100000000000000000000000000000000100000000100000000010010100000000000000000001000000000001000000000000000000000000000000000100000000111111111101111111111111111111111111111111111111111111111011100000100000000000000000000000000000000000100000000000101010000000000000000000000000000000e0020406080a0Xcdefg0M1l0nov0rstjlnpr8nnnMnnpppppprrjsNOPQH-VV-----------K--------------i--------e--------------r---q--C-------------------------O-----000000000000000000100000000000000100100000000000000000000000000000000000100000000001010000000000000000000000100000000000011001000000000010000000000000---------------------------------------------------------llll-----------------------------------------------------------------------------------------
_SEEDS_111111111111111111111111111111111111111111111111111111111000000000000000000000000000000000000000000000000000000000000000000000000000000000000000000000000000000000000000000000000000000000000000000000000000000000000000000000000000000000000000000000000000000000000000000000000000000000000000000000000000000101010101000110000000000000011111100000000000000000000000000000000000000000000000000000000000000000000000000000000000000000000000000000000000000000000000000000000000000000000000000000000000000000000000000000000000000000000000000000000000000000000000000000000000000000000000000000000000000000000000000000000000000000000000000000000000000000000000000000000000000000000000000000000000000000000000000000000000000000000000000000000000000000000000000000111111111111111111111111111111111111111111111111111111111111100000000000000000000000000000000000000000000000000000000000000000000000000000000000000000-0020406080a0ccdefg0jkl0nop0rstjlnprtnnnnnnpppppprrssNOPQH-VV-----------------------------------------------------------------------------------------000000000000000000000000000000000000000000000000000000000000000000000000000000000000000000000000000000000000000000000000000000000000000000000000000000---------------------------------------------------------HHHH-----------------------------------------------------------------------------------------;1.0;0.1446031746031745;0.1623768484218885;0.94866236054809;0.9752574333243837;0.11967098450168244;0.5584284668998698;0.1446031746031745;0.1446031746031745;21;101111111111111101111011111110111111011111111011111111111000001000010000000000000000000000000000000000000000000000000010000000000000000000000010001000000010000000000000100000010000000010001000000000000000000000000100000000000000001000010000000000000000000100000100000001000000000100000000000000000000000011010101000110001000100000001111100000000000000000000000000100100000000000000000101000000100000010000000000000000000000010000000000000000010000000001000010010100000000000000000001000000010000100010001100000000000000000001000001000000000000000000000100000000000000010000010000000000000001000000000001000100000000000100000000000000000000000000000000100000000100000000010010100000000000000000001000000000001000000000000000000000000000000000000000000111111111101111111111111110111111111111111111111111111111111110000100100000000000000000000001100000000000000010000000000000000000000000001001000000000-0020406080a0ccdefg0jkl0nop0rstjlnpr8WnnnnnpppppprrssNOPQH-MV-----------------------------------e--------------r---q--C-------------------------O-----000000000000000000100000000000000100000000000000000000000000000000000000100000000001010000000000000000000000100000000000011001000000000000100000000000---------------------------------------------------------llll-----------------------------------------------------------------------------------------
_SEEDS_111111111111111111111111111111111111111111111111111111111000000000000000000000000000000000000000000000000000000000000000000000000000000000000000000000000000000000000000000000000000000000000000000000000000000000000000000000000000000000000000000000000000000000000000000000000000000000000000000000000000000101010101000110000000000000011111100000000000000000000000000000000000000000000000000000000000000000000000000000000000000000000000000000000000000000000000000000000000000000000000000000000000000000000000000000000000000000000000000000000000000000000000000000000000000000000000000000000000000000000000000000000000000000000000000000000000000000000000000000000000000000000000000000000000000000000000000000000000000000000000000000000000000000000000000000111111111111111111111111111111111111111111111111111111111111100000000000000000000000000000000000000000000000000000000000000000000000000000000000000000-0020406080a0ccdefg0jkl0nop0rstjlnprtnnnnnnpppppprrssNOPQH-VV-----------------------------------------------------------------------------------------000000000000000000000000000000000000000000000000000000000000000000000000000000000000000000000000000000000000000000000000000000000000000000000000000000---------------------------------------------------------HHHH-----------------------------------------------------------------------------------------;1.0;0.1134722222222222;0.06336228396919208;0.9410261103365043;0.9770598915017592;0.10255697035069562;0.5329129130633956;0.1134722222222222;0.1134722222222222;21;101111111111111101111011111110111111011111111011111111011000001000010000000000000000000000000000000000000000000000000010000000000000000000010010001000000010000000000000100000010000000010001000000000000000000000000100000000000000001000010000000000000000000100000100000001000000000100000010000000000000000001010101000110001000100000001111100000000000000000000000000000100000000000000000101000000100100010000000000000000000000010000000000000000010000000001000010010100000000010000000001000000010000100010001100000000000000000001000001000000000000000000000100000000000000010000000000000000000001001000000001000100000000000100000000000000000000000000000000100000000100000000010010100000000000000000001000000000001000000000000000000000000000000000000000000111111111101111111111111111111111111111111111111111111111111100000100000000000000000000000011100000000000000010000000000000000000000000000001000000000-0020406080a0gcdefg0jkl0nop0rstjlnpr8nnnnnnpppppprrssNOPQH-MV-----h----------------------E------e--------------r---q--C--------------------6----O-----000000000000000000100000000000000100000000000000000000000000000000000010100000000001010000000000000000000000100000000000010001000000000000000000001000---------------------------------------------------------llll-----------------------------------------------------------------------------------------
_SEEDS_111111111111111111111111111111111111111111111111111111111000000000000000000000000000000000000000000000000000000000000000000000000000000000000000000000000000000000000000000000000000000000000000000000000000000000000000000000000000000000000000000000000000000000000000000000000000000000000000000000000000000101010101000110000000000000011111100000000000000000000000000000000000000000000000000000000000000000000000000000000000000000000000000000000000000000000000000000000000000000000000000000000000000000000000000000000000000000000000000000000000000000000000000000000000000000000000000000000000000000000000000000000000000000000000000000000000000000000000000000000000000000000000000000000000000000000000000000000000000000000000000000000000000000000000000000111111111111111111111111111111111111111111111111111111111111100000000000000000000000000000000000000000000000000000000000000000000000000000000000000000-0020406080a0ccdefg0jkl0nop0rstjlnprtnnnnnnpppppprrssNOPQH-VV-----------------------------------------------------------------------------------------000000000000000000000000000000000000000000000000000000000000000000000000000000000000000000000000000000000000000000000000000000000000000000000000000000---------------------------------------------------------HHHH-----------------------------------------------------------------------------------------;1.0;0.15367063492063482;0.2071569205891325;0.9596627534151214;0.9799651079018615;0.11083262110362556;0.5685480063217293;0.15367063492063482;0.15367063492063482;21;101111111111111101111011111110111111011111111011111111111000001000010000000000000000000000000000000000000000000000000010000000000000000000000010001000000010000000000000100000010000000010001000000000000000000000000100000000000000001010010000000000000000000100000100000001000000000100000000000000000000000001010101000110001000100000001111100000000000000000000000000000100000000000000000101000000100000010000000000000000000000010000000000000000010010000001000010010100000000001000000001000000010001100010001100000000000000000001000001000000000000000000000100000000001000010000000000000000000100000000000001000100000000000100000000000000000000000000000000100000000100000000010010100010000000000000001000000000001000000000000000000000000000000000000000000101111111101111111111111110111111111111111111111111111111111100000100100000001000000000000011100000000000000010000000000000000000000100000001000000000-0020406080a0ccdefg0jkl0nop0rstjlnpr8nnnnnnpppppprrsiNOPQH-MV-----------------------------------e-----j----ç&--r---q--C-------------------------O-m---000000000000000000100000000000000100000000000000000000000000000000000000101100000001010000000000001000000000100000000000010000000000000000110000000000---------------------------------------------------------llll-----------------------------------------------------------------------------------------
_SEEDS_111111111111111111111111111111111111111111111111111111111000000000000000000000000000000000000000000000000000000000000000000000000000000000000000000000000000000000000000000000000000000000000000000000000000000000000000000000000000000000000000000000000000000000000000000000000000000000000000000000000000000101010101000110000000000000011111100000000000000000000000000000000000000000000000000000000000000000000000000000000000000000000000000000000000000000000000000000000000000000000000000000000000000000000000000000000000000000000000000000000000000000000000000000000000000000000000000000000000000000000000000000000000000000000000000000000000000000000000000000000000000000000000000000000000000000000000000000000000000000000000000000000000000000000000000000111111111111111111111111111111111111111111111111111111111111100000000000000000000000000000000000000000000000000000000000000000000000000000000000000000-0020406080a0ccdefg0jkl0nop0rstjlnprtnnnnnnpppppprrssNOPQH-VV-----------------------------------------------------------------------------------------000000000000000000000000000000000000000000000000000000000000000000000000000000000000000000000000000000000000000000000000000000000000000000000000000000---------------------------------------------------------HHHH-----------------------------------------------------------------------------------------;1.0;0.15827380952380943;0.09395002583332357;0.9436737114266722;0.972631698951296;0.11664869539630754;0.5475296568552348;0.15827380952380943;0.15827380952380943;21;101111111111111101111001111110111111011111111011111111111000001000010000000000000000100000000000000000000000000000000010000000000000000000000010001000000010000000000000100000010000000010001000000000000000000000000100000000000000001001010000100000000000000100000100000001000000000100000000000000000000000001010101000110001000100000001111100000000000000000000000000000100100000000000000101000000100000010000000000000000000100010000000000000000010000000000000010010100000000000000000001000000010000100010001100000000000001000001000001000000000000000000100100000000000000010000000000000000000001000000000001000100000000000100000000000000000000100000000000100000000100000000010010100000000000000000001000000000101000000000000000000100000000000000000000000111111111101111111111111111111111111111111111111111111111111100000100000000001000000000000011100000000000000010000000000000000010000100000001000000000e00204060O0a0Xcdefg0M1l0nov0rstjlnpr8nnnMnnpppppprrjsNOPQH-VV-----------K--------------i------------------------------C------------------------1O--R--000000000001000000100000000000000100000000000000000000000000000000000000100000000001000000000000000000010000100000000000010000000000000000010000000000---------------------------------------------------------llll-----------------------------------------------------------------------------------------
_SEEDS_111111111111111111111111111111111111111111111111111111111000000000000000000000000000000000000000000000000000000000000000000000000000000000000000000000000000000000000000000000000000000000000000000000000000000000000000000000000000000000000000000000000000000000000000000000000000000000000000000000000000000101010101000110000000000000011111100000000000000000000000000000000000000000000000000000000000000000000000000000000000000000000000000000000000000000000000000000000000000000000000000000000000000000000000000000000000000000000000000000000000000000000000000000000000000000000000000000000000000000000000000000000000000000000000000000000000000000000000000000000000000000000000000000000000000000000000000000000000000000000000000000000000000000000000000000111111111111111111111111111111111111111111111111111111111111100000000000000000000000000000000000000000000000000000000000000000000000000000000000000000-0020406080a0ccdefg0jkl0nop0rstjlnprtnnnnnnpppppprrssNOPQH-VV-----------------------------------------------------------------------------------------000000000000000000000000000000000000000000000000000000000000000000000000000000000000000000000000000000000000000000000000000000000000000000000000000000---------------------------------------------------------HHHH-----------------------------------------------------------------------------------------;1.0;0.12242063492063471;0.05669098227559566;0.9558940742772523;0.9849784341207241;0.11951545103185769;0.5399165961043441;0.12242063492063471;0.12242063492063471;6;101111111111111101111011111110111111011111111011111111111000001000010000000000000000000000000000000000000000000000000010000000000000000000000010001000000010000000000000100000010000000010001000000000000000000000000100000000000000001000010000000000001000000100000100000001000000000100000000000000000000000001010101000110001000100000001111100000000000000000000000000000100000000000000000101000000100000010000000000000000000000010000000000000000010000000001000010010100000000010000000001000000010000100010001100000000000000000001000001000000000000000000000100000000000000010000000000000000000001000000000001000100000000000100000000000000000000000000000000100000000100000000010010100000000000000000001000000000001000000000000000000000000000000000000000000111111111101111111111111111111111111111111111111111111111111100000100100000000000000000000001100000000000000010000000000000000000000000100000000000000e0020406080a0Xcdefg0Mkl0nov0rstjlnpr8nnnnnnpppppprrssNOPQH-VV-------------------------------------------------h----q--C-------------------------O-----000000000000000000100000000000000100000000000000000000000000000000000000101000000001010000000000000000000000100000010000010001000000000000000000000010---------------------------------------------------------6666-----------------------------------------------------------------------------------------
_SEEDS_111111111111111111111111111111111111111111111111111111111000000000000000000000000000000000000000000000000000000000000000000000000000000000000000000000000000000000000000000000000000000000000000000000000000000000000000000000000000000000000000000000000000000000000000000000000000000000000000000000000000000101010101000110000000000000011111100000000000000000000000000000000000000000000000000000000000000000000000000000000000000000000000000000000000000000000000000000000000000000000000000000000000000000000000000000000000000000000000000000000000000000000000000000000000000000000000000000000000000000000000000000000000000000000000000000000000000000000000000000000000000000000000000000000000000000000000000000000000000000000000000000000000000000000000000000111111111111111111111111111111111111111111111111111111111111100000000000000000000000000000000000000000000000000000000000000000000000000000000000000000-0020406080a0ccdefg0jkl0nop0rstjlnprtnnnnnnpppppprrssNOPQH-VV-----------------------------------------------------------------------------------------000000000000000000000000000000000000000000000000000000000000000000000000000000000000000000000000000000000000000000000000000000000000000000000000000000---------------------------------------------------------HHHH-----------------------------------------------------------------------------------------;1.0;0.13257936507936507;0.11942731281024999;0.9475777834545792;0.9719334718904517;0.1014421456972047;0.5454933464886418;0.13257936507936507;0.13257936507936507;21;101111111111111101111011111110111111011111111011111111011000001000010000000000000000000000000000000000000000000000000010000000000000000000010010001000000010000000000000100000010000000010001000000000000000000000000100000000000000001000010000000000000000000100000100000001000000000100000000000000000000000001010101000110001000100000001111100000000000000000000000000000100000000000000000101000000100000010000000000000000000000010000000000000000010010000001000010010100000000000000000001000000010001100010001100000000000000000001000001000000000000000000000100000000001000010000000000000000000100000000000001000100000000000100000000000000000000000000000000100000000100000000010010100010000000000000001000000000001000000000000000000000000000100000000000000101111111101111111111111110111111111111011111111111111111111100000100100000000000000001000001100000000000000010000010000000000000000000001001000000000-0020406080a0ccdefg0jkl0nop0rstjlnpr8nnnnnnppppeprrssNOPWH-MV--------------------------------#--e--------------r---q--C-------------------------O-----000000000100000000000000000000000101000000000000000000000000000000000000100000000001010000000000000000000000100000000000010000000000000000010000000000---------------------------------------------------------llll-----------------------------------------------------------------------------------------
_SEEDS_111111111111111111111111111111111111111111111111111111111000000000000000000000000000000000000000000000000000000000000000000000000000000000000000000000000000000000000000000000000000000000000000000000000000000000000000000000000000000000000000000000000000000000000000000000000000000000000000000000000000000101010101000110000000000000011111100000000000000000000000000000000000000000000000000000000000000000000000000000000000000000000000000000000000000000000000000000000000000000000000000000000000000000000000000000000000000000000000000000000000000000000000000000000000000000000000000000000000000000000000000000000000000000000000000000000000000000000000000000000000000000000000000000000000000000000000000000000000000000000000000000000000000000000000000000111111111111111111111111111111111111111111111111111111111111100000000000000000000000000000000000000000000000000000000000000000000000000000000000000000-0020406080a0ccdefg0jkl0nop0rstjlnprtnnnnnnpppppprrssNOPQH-VV-----------------------------------------------------------------------------------------000000000000000000000000000000000000000000000000000000000000000000000000000000000000000000000000000000000000000000000000000000000000000000000000000000---------------------------------------------------------HHHH-----------------------------------------------------------------------------------------;1.0;0.15289682539682536;0.1500499066221358;0.9469470615409009;0.9718050989493814;0.08318290780738641;0.550813633386105;0.15289682539682536;0.15289682539682536;21;101111111111111101111011111110101111011111111011111111011000001000010000000000000000000000000000000000000000000000000010000000000000000000010010001000000010000000000000100000010000000010001000000000000000000000000100000000000000001000010000000000000000000100000100000001000000000100000000000000000000000001010101000110001000100000001111100000000000000000000000000000100100000000000000101000000100000010000000000000000000000110000000000000000110000000001000010010100000000000000000001000000010000100010001100000010000000000001100001000000000000000000000100000000000001110000000001000000000001000000000001000100000000000100000000000000000000000000000000100000000100000000010010100000000000000000001000000000001000000000000000000000000000000000000000000111111111101111111111111111111111111111111111111111111111111100000100000000001000000000000011100000000000000010000000000000000000000100000001000000000-0020406080a0ccMefg0jkl0nop0rstjlnpr8nnnnnnpppppprrsiNOPQH-MV-----------------------------------e-----j----ç---r---q--C-------------------------O-----000000000000000000100000000000000100000000000000000000000000000000000000100000000001010000000000000000000000100000000000010001000000000000000000001000---------------------------------------------------------llll-----------------------------------------------------------------------------------------
_SEEDS_111111111111111111111111111111111111111111111111111111111000000000000000000000000000000000000000000000000000000000000000000000000000000000000000000000000000000000000000000000000000000000000000000000000000000000000000000000000000000000000000000000000000000000000000000000000000000000000000000000000000000101010101000110000000000000011111100000000000000000000000000000000000000000000000000000000000000000000000000000000000000000000000000000000000000000000000000000000000000000000000000000000000000000000000000000000000000000000000000000000000000000000000000000000000000000000000000000000000000000000000000000000000000000000000000000000000000000000000000000000000000000000000000000000000000000000000000000000000000000000000000000000000000000000000000000111111111111111111111111111111111111111111111111111111111111100000000000000000000000000000000000000000000000000000000000000000000000000000000000000000-0020406080a0ccdefg0jkl0nop0rstjlnprtnnnnnnpppppprrssNOPQH-VV-----------------------------------------------------------------------------------------000000000000000000000000000000000000000000000000000000000000000000000000000000000000000000000000000000000000000000000000000000000000000000000000000000---------------------------------------------------------HHHH-----------------------------------------------------------------------------------------;1.0;0.15216269841269847;0.18426656923963303;0.9636461347210513;0.9823415817863829;0.12151421683249072;0.5673218668320427;0.15216269841269847;0.15216269841269847;21;101111111111111101111011111110111111011111111011111111111000001000010000000000000000000000000000000000000000000000000010000000000000000000000010001000000010000000000000100000010000000010001000000000000000000000000100000000000000001010010000000010000010000100000100000001100000000100000000000000000000000001010101000110001000100000001111100000000000000000000000000000100000000000000000101000010100000010000000000000000000000010000000000000000010010000001000010010100000000000000000001000000010001110010001100000000000000000001000001000000000000000000000100100000001000010000000000000000000100000000000001000100000000000100000000000000000000000000000000100000000100000000010010100010000000000000001000000000001000000000000000000000000000000000000000000101111111101111111111111110111111111111111111111111111111111100000100100000000000000000000001100000000000000010000000000000000000000000001000000000000-0020406080a0ccdefg0jkl0nop0rstjlnpr8nnnnnnpppppprrssNOPQH-MV-----------------------------------e--------------r---q--C-------------------------O-----000000000001000000000000000000000100000000000000000000000000000000000000101000001001010000000000000000000000100000000000111001000000000000000000000000---------------------------------------------------------llll-----------------------------------------------------------------------------------------
_SEEDS_111111111111111111111111111111111111111111111111111111111000000000000000000000000000000000000000000000000000000000000000000000000000000000000000000000000000000000000000000000000000000000000000000000000000000000000000000000000000000000000000000000000000000000000000000000000000000000000000000000000000000101010101000110000000000000011111100000000000000000000000000000000000000000000000000000000000000000000000000000000000000000000000000000000000000000000000000000000000000000000000000000000000000000000000000000000000000000000000000000000000000000000000000000000000000000000000000000000000000000000000000000000000000000000000000000000000000000000000000000000000000000000000000000000000000000000000000000000000000000000000000000000000000000000000000000111111111111111111111111111111111111111111111111111111111111100000000000000000000000000000000000000000000000000000000000000000000000000000000000000000-0020406080a0ccdefg0jkl0nop0rstjlnprtnnnnnnpppppprrssNOPQH-VV-----------------------------------------------------------------------------------------000000000000000000000000000000000000000000000000000000000000000000000000000000000000000000000000000000000000000000000000000000000000000000000000000000---------------------------------------------------------HHHH-----------------------------------------------------------------------------------------;1.0;0.13444444444444448;0.02146464646464652;0.9530046587905007;0.9819297237250135;0.1216367997855048;0.5354133788683518;0.13444444444444448;0.13444444444444448;21;101111111111111101111011111010111111011111111011111111111000001000010000000000000000000000000000000000000000010000000010000000010000000000000010001000000010000000000000100000010000000010001000000000000010000000000101000000000000001010010000000000000000000100000000000001000000000100000000000000000000000001010101000110001000100000001111100000000000000000000000000000100000000000000000101000000100000010000000000000000000000010000000000000000010000000001100010010100000000000000000001000000000001100010001100000000001000000001000001000000000000000000000100000000001000110000000000000000000100000000000001000100000000000100000000000000000000000000000000100000000100000000010000100010100000100000001000000000001000000000000000000000000000100000000000000101111111101111111111111110111111111111111111111111111111111100000100100000000000000000000001100000000000000010000011000000000000000000001001000000000-0020406080a0ccdefg0jkl0nop0rstjlnpr8nnnnnnppppeprrssNOPWH-MV---------k----------------------#--e--------------r---q--C-------------------------O-----000000000100000000000000000000000101000000000000000000000000000000000000100000000001010000000000000000000000100000000000010000000000000000010000000000---------------------------------------------------------llll-----------------------------------------------------------------------------------------
_SEEDS_111111111111111111111111111111111111111111111111111111111000000000000000000000000000000000000000000000000000000000000000000000000000000000000000000000000000000000000000000000000000000000000000000000000000000000000000000000000000000000000000000000000000000000000000000000000000000000000000000000000000000101010101000110000000000000011111100000000000000000000000000000000000000000000000000000000000000000000000000000000000000000000000000000000000000000000000000000000000000000000000000000000000000000000000000000000000000000000000000000000000000000000000000000000000000000000000000000000000000000000000000000000000000000000000000000000000000000000000000000000000000000000000000000000000000000000000000000000000000000000000000000000000000000000000000000111111111111111111111111111111111111111111111111111111111111100000000000000000000000000000000000000000000000000000000000000000000000000000000000000000-0020406080a0ccdefg0jkl0nop0rstjlnprtnnnnnnpppppprrssNOPQH-VV-----------------------------------------------------------------------------------------000000000000000000000000000000000000000000000000000000000000000000000000000000000000000000000000000000000000000000000000000000000000000000000000000000---------------------------------------------------------HHHH-----------------------------------------------------------------------------------------;1.0;0.16126984126984112;0.2078155083211518;0.9646345770266112;0.9840375728907473;0.10760445137061601;0.5708936584798279;0.16126984126984112;0.16126984126984112;21;101111111111111101111011111110111111011111111011111111011000001000010000000000000000000000000000000000000000000000000010000000000000000000010010001000000011000000000000100000010000000010001000000000000000000000000100000000000000001000010000000000000000000100000100000001000000000100000000000000000000000001010101000110001000100000001111100000000000000000000000000000100100000000000000101000000100000010000000000000000000000010000000000000000110000000000000010010100000000000000000001000000010000100010001100000110000001000001000001000000000000000000000100000000000001010000000000000000000001000000000001000100000000000100000000000000000000000000000000100000000100000000010010100000000000000000001000000000001000000000000000000100000000000000000000000111111111101111111111111111111111111111111111111111111111111100000100000000001000000000000011100000000000000010010000000000000000000100000001000000000-0020406080a0ccdefg0jkl0nop0rstjlnpr8nnnnnnpppppprrsiNOPQH-MV-----------------------------------e-----j----ç---r---q-eC-------------------------O-----000000000000000000100000000000000100000000000000000000000000000000000000101100000001010000000000000000000000100000000000010000000000000000110001000000---------------------------------------------------------llll-----------------------------------------------------------------------------------------
_SEEDS_111111111111111111111111111111111111111111111111111111111000000000000000000000000000000000000000000000000000000000000000000000000000000000000000000000000000000000000000000000000000000000000000000000000000000000000000000000000000000000000000000000000000000000000000000000000000000000000000000000000000000101010101000110000000000000011111100000000000000000000000000000000000000000000000000000000000000000000000000000000000000000000000000000000000000000000000000000000000000000000000000000000000000000000000000000000000000000000000000000000000000000000000000000000000000000000000000000000000000000000000000000000000000000000000000000000000000000000000000000000000000000000000000000000000000000000000000000000000000000000000000000000000000000000000000000111111111111111111111111111111111111111111111111111111111111100000000000000000000000000000000000000000000000000000000000000000000000000000000000000000-0020406080a0ccdefg0jkl0nop0rstjlnprtnnnnnnpppppprrssNOPQH-VV-----------------------------------------------------------------------------------------000000000000000000000000000000000000000000000000000000000000000000000000000000000000000000000000000000000000000000000000000000000000000000000000000000---------------------------------------------------------HHHH-----------------------------------------------------------------------------------------;1.0;0.13694444444444442;0.12913812914555411;0.9427636643786003;0.9735583190282366;0.10383323752351978;0.5477062990867259;0.13694444444444442;0.13694444444444442;21;101111111111111101111011111110111111011111111011111111111000001000010000000000000000100000000000000000000000000000000010000000000000000000000010001000001010000000000000100000010000000010001000000000000000000000000100000000000000101000010000100000000000000100000100000001000001000100000000000000000010000001010101000110001000100000001111100000000000000000000000000000100100000000000000101000000100000010000000000000000000100010000000000000000010000000001000010010100000000000000000001000000010000100010001100000000000000000001000001000000000000000000000100001000000000010000000000000000000001000000000001000100000000000100000000000000000000000000000000100000000100000000010010100000000000000000001000000000001000000000000000000000000000000000000000000111111111101111111111111111111111111111111111111111101111111100000100000000000000000000000011100000000000000010000000000000000000000100000001000000000-0020406080a0ccdefg0jkl0nop0rstjlnpr8nnnnnnpppppprrsiNOPQH-MV-----------------------------------e-----j----ç---r---q--C-------------------------O-----000000000000000000100000000000000100000000000000000000000000000000000000101100000001010000000000000000000000100000000000010000000010000000110000000000---------------------------------------------------------llll-----------------------------------------------------------------------------------------
_SEEDS_111111111111111111111111111111111111111111111111111111111000000000000000000000000000000000000000000000000000000000000000000000000000000000000000000000000000000000000000000000000000000000000000000000000000000000000000000000000000000000000000000000000000000000000000000000000000000000000000000000000000000101010101000110000000000000011111100000000000000000000000000000000000000000000000000000000000000000000000000000000000000000000000000000000000000000000000000000000000000000000000000000000000000000000000000000000000000000000000000000000000000000000000000000000000000000000000000000000000000000000000000000000000000000000000000000000000000000000000000000000000000000000000000000000000000000000000000000000000000000000000000000000000000000000000000000111111111111111111111111111111111111111111111111111111111111100000000000000000000000000000000000000000000000000000000000000000000000000000000000000000-0020406080a0ccdefg0jkl0nop0rstjlnprtnnnnnnpppppprrssNOPQH-VV-----------------------------------------------------------------------------------------000000000000000000000000000000000000000000000000000000000000000000000000000000000000000000000000000000000000000000000000000000000000000000000000000000---------------------------------------------------------HHHH-----------------------------------------------------------------------------------------;1.0;0.13648809523809513;0.13217231819440656;0.9464352203154303;0.9756741602102439;0.09423230246368149;0.5475003494036429;0.13648809523809513;0.13648809523809513;50;101111111111111101111011111110111101011111111011111111111000001000010000000000000000100000000000000000000000000000000010000000000000000000000010001000000010000000000000100000010000000010001000000000000000000000000100000000000000001000010000100000000000000100000100000001000000000100000000000000000000000001010101000110001000100000001111100000000000000000000000000000100100000000000000101000000100000010000000000000000000100010000000000000000010000000001000010010100000000000000000001000000010000100010001100000000000000000001000001000000000000000000000000000000000000010000000000000000000001000000000001000100000000000100000000000000000000000000000000100000000100000000010000100000000000000000001000000000001000000000000000000000000000000000000000000111111111101111111111111111111111111111111111111111101111111100000100000000000000000000000011100000000000000010000000000000000000000000000001000000000-0020406080a0ccdefg0jkl0nop0rstjlnpr8nnnénnpppppprrssNOPQH-MV----4------------------------------e--------------r---q--C-------------------------O-----000000000000000000100000000000000100000000000000000000000000000000000000100000000001010000000000000000000000100000000000010001000000000000000000101000---------------------------------------------------------OOOO-----------------------------------------------------------------------------------------
_SEEDS_111111111111111111111111111111111111111111111111111111111000000000000000000000000000000000000000000000000000000000000000000000000000000000000000000000000000000000000000000000000000000000000000000000000000000000000000000000000000000000000000000000000000000000000000000000000000000000000000000000000000000101010101000110000000000000011111100000000000000000000000000000000000000000000000000000000000000000000000000000000000000000000000000000000000000000000000000000000000000000000000000000000000000000000000000000000000000000000000000000000000000000000000000000000000000000000000000000000000000000000000000000000000000000000000000000000000000000000000000000000000000000000000000000000000000000000000000000000000000000000000000000000000000000000000000000111111111111111111111111111111111111111111111111111111111111100000000000000000000000000000000000000000000000000000000000000000000000000000000000000000-0020406080a0ccdefg0jkl0nop0rstjlnprtnnnnnnpppppprrssNOPQH-VV-----------------------------------------------------------------------------------------000000000000000000000000000000000000000000000000000000000000000000000000000000000000000000000000000000000000000000000000000000000000000000000000000000---------------------------------------------------------HHHH-----------------------------------------------------------------------------------------;1.0;0.15039682539682508;0.0;0.9356286289064366;0.9679729510680296;0.09855323854030716;0.5254252739852664;0.15039682539682508;0.15039682539682508;21;101111111111110101111011111010111111011111111011111111111000001000010000000000000000000000000000000000000000010000000010000000010000000000000010001000000010000000000000100000010000000010001000000000000000000000000101000000000000001010010000000000000000000100000000000001000000000100000000000100000000010001010101000110001000100000001111100000000000000000000000000000100000000000000000101000000100000010000000000000000000000010000000000000000010010000001000010010100000000000000000001000000010000100010001100000000000000000001000001000000000000000000000100000000000000010000000000000010000001000000000001000100000000000100000000000000000000000000000000100000000100000000010010100000000000000000001000000000001000000000000000000000000000000000000000000111111111101111111111111111111111111111111111111111111111111100000100000000000000000000000011100000000000000010000000000000000000000000000001000000000-0020406080a0ccdefg0jkl0nop0rstjlnpr8nnnnnnpppppprrssNOPQH-MV-----------------------------------e--------------r---q--C-------------------------O-----000000000000000000100000000000000100000000000000000000000000000000000000100000000001010000000000000000000000100000000000010001000000000000000000001000---------------------------------------------------------llll-----------------------------------------------------------------------------------------
_SEEDS_111111111111111111111111111111111111111111111111111111111000000000000000000000000000000000000000000000000000000000000000000000000000000000000000000000000000000000000000000000000000000000000000000000000000000000000000000000000000000000000000000000000000000000000000000000000000000000000000000000000000000101010101000110000000000000011111100000000000000000000000000000000000000000000000000000000000000000000000000000000000000000000000000000000000000000000000000000000000000000000000000000000000000000000000000000000000000000000000000000000000000000000000000000000000000000000000000000000000000000000000000000000000000000000000000000000000000000000000000000000000000000000000000000000000000000000000000000000000000000000000000000000000000000000000000000111111111111111111111111111111111111111111111111111111111111100000000000000000000000000000000000000000000000000000000000000000000000000000000000000000-0020406080a0ccdefg0jkl0nop0rstjlnprtnnnnnnpppppprrssNOPQH-VV-----------------------------------------------------------------------------------------000000000000000000000000000000000000000000000000000000000000000000000000000000000000000000000000000000000000000000000000000000000000000000000000000000---------------------------------------------------------HHHH-----------------------------------------------------------------------------------------;1.0;0.14634920634920645;0.019773095623987103;0.9531154971215755;0.9763138378342613;0.10806423845611289;0.5339359792308572;0.14634920634920645;0.14634920634920645;21;101111111111111101111011111010111111011111111011111111111000001000010000000000000000000000000000000000000000010000000010000000010000000000000010001000000010000000000000100000010000000010011000000000000000000000000101000000000000001010010000000000000000000100000000000001000000000110000000000000000000000001010101000110001000100000001111100000000000000000000000000000100000000000000000101000000100000010000000000000000000010010000000000000000010010000001000010010100000000000000000001000000010001100010001100000000000000000001000001000000000000000000000100000000001000010000000000000000000100000000000001000100000000000100000000000000000000000000000000100000000110000000010010100010000000000000001000000000001000000000000000000000000000100000000000000101110111101111111111111111111111111111111111111111111111111100000100100000000000000000000001100000000000000010000010000000000000001000001001000000000-0020406080a0ccdefg0jkl0nop0rstjlnpr8nnnnnnppppeprHssNOPWH-MV--------------------------i------------------------------C------4------------------O--R--000000000001000000100000000000000100000000000000000000000000000000000000100000000001000000000000000000010000100000000000010000000000000000010000000000---------------------------------------------------------llll-----------------------------------------------------------------------------------------
_SEEDS_111111111111111111111111111111111111111111111111111111111000000000000000000000000000000000000000000000000000000000000000000000000000000000000000000000000000000000000000000000000000000000000000000000000000000000000000000000000000000000000000000000000000000000000000000000000000000000000000000000000000000101010101000110000000000000011111100000000000000000000000000000000000000000000000000000000000000000000000000000000000000000000000000000000000000000000000000000000000000000000000000000000000000000000000000000000000000000000000000000000000000000000000000000000000000000000000000000000000000000000000000000000000000000000000000000000000000000000000000000000000000000000000000000000000000000000000000000000000000000000000000000000000000000000000000000111111111111111111111111111111111111111111111111111111111111100000000000000000000000000000000000000000000000000000000000000000000000000000000000000000-0020406080a0ccdefg0jkl0nop0rstjlnprtnnnnnnpppppprrssNOPQH-VV-----------------------------------------------------------------------------------------000000000000000000000000000000000000000000000000000000000000000000000000000000000000000000000000000000000000000000000000000000000000000000000000000000---------------------------------------------------------HHHH-----------------------------------------------------------------------------------------;1.0;0.14690476190476198;0.025014343086632196;0.9588425450447157;0.9824094631108008;0.11382483744936268;0.5378326584327123;0.14690476190476198;0.14690476190476198;21;101111111111111101011011111010111111011111111011111111111000001000010000000000000000100000000000000000000000010000000010000000010000000100000010001000000010000000000000100000010000000010001000000000000000000000000101000000000000001010010000000000000000000100000000000001000000000100000000000000000000000001010101000110001000100000001111100000000000000000000000000000100000000000000000101000000100000010000000000000000000000010000000000000000010010000001000010010100000000000000000001000000010001100010001100000000000000000001000001000000000000000000000100000000001000010000000000000000000100000000000001000100000000000100000000000000000000000000000000100000000100000000010010100010000000000000001000000000001000000000000000000000000000100000000000000101111111101111111111111111111111111111111111111111111111111100000000000000000000000000000011100000000000000010001000000000100000000000000001000000000-0020406080a0Xcdefg0Mkl0nov0rstjlnpr8nnnMnnpppppprrjsNOPQH-VV---f-------K---------------------------------------------C---------------------g---O--RD-000000000001000000100000000000000110000000000000000000000000000000000000100000000001000000000000100000000000100000000000010000000000000000010000000000---------------------------------------------------------llll-----------------------------------------------------------------------------------------
_SEEDS_111111111111111111111111111111111111111111111111111111111000000000000000000000000000000000000000000000000000000000000000000000000000000000000000000000000000000000000000000000000000000000000000000000000000000000000000000000000000000000000000000000000000000000000000000000000000000000000000000000000000000101010101000110000000000000011111100000000000000000000000000000000000000000000000000000000000000000000000000000000000000000000000000000000000000000000000000000000000000000000000000000000000000000000000000000000000000000000000000000000000000000000000000000000000000000000000000000000000000000000000000000000000000000000000000000000000000000000000000000000000000000000000000000000000000000000000000000000000000000000000000000000000000000000000000000111111111111111111111111111111111111111111111111111111111111100000000000000000000000000000000000000000000000000000000000000000000000000000000000000000-0020406080a0ccdefg0jkl0nop0rstjlnprtnnnnnnpppppprrssNOPQH-VV-----------------------------------------------------------------------------------------000000000000000000000000000000000000000000000000000000000000000000000000000000000000000000000000000000000000000000000000000000000000000000000000000000---------------------------------------------------------HHHH-----------------------------------------------------------------------------------------;1.0;0.1524603174603173;0.19723202951680185;0.9577151591418878;0.9781368068614623;0.12487530602979442;0.5684032698350439;0.1524603174603173;0.1524603174603173;21;101111111111111111111011111110111111001111111011111111111000001000010000000000000000000000000000000000000000000000000010010000000000000000000010001000000010000000000000100000010000000010001000000000000000000000000100000000000000001000010000000000000000000100000100000001000000000100000010000000000000000101010101000110001000100000001111100000000000000000000000000000100000000000000000101000000100000010000000000000000000000010000000000000000010000000001000010010000000000000000000001000000010000100010001100000000000010000001000000000000000000000000000100000010000000010000000000000010000001000000000001000100000000000100000000000000000000000000000000100000000100000000010010100000000000000000001010000000001000000000000000000000000000000000000000000111111111101111111111111111111111111111111111111111111101111100000100100000000000000000000001100000000000000010000000000000000000000000001001000000000-0020406080a0ccdefg0jkl0nop0rstjlnpr8nnnnnnpppppprrssNOPQH-MV-----------------------------------e--------------r---q--C--------------------Q----O-----000000000000000000100000000000000100000000000000000000000000000000000000100000000001010000000000000000000000100000000000011001000000000000000000000000---------------------------------------------------------llll-----------------------------------------------------------------------------------------
_SEEDS_111111111111111111111111111111111111111111111111111111111000000000000000000000000000000000000000000000000000000000000000000000000000000000000000000000000000000000000000000000000000000000000000000000000000000000000000000000000000000000000000000000000000000000000000000000000000000000000000000000000000000101010101000110000000000000011111100000000000000000000000000000000000000000000000000000000000000000000000000000000000000000000000000000000000000000000000000000000000000000000000000000000000000000000000000000000000000000000000000000000000000000000000000000000000000000000000000000000000000000000000000000000000000000000000000000000000000000000000000000000000000000000000000000000000000000000000000000000000000000000000000000000000000000000000000000111111111111111111111111111111111111111111111111111111111111100000000000000000000000000000000000000000000000000000000000000000000000000000000000000000-0020406080a0ccdefg0jkl0nop0rstjlnprtnnnnnnpppppprrssNOPQH-VV-----------------------------------------------------------------------------------------000000000000000000000000000000000000000000000000000000000000000000000000000000000000000000000000000000000000000000000000000000000000000000000000000000---------------------------------------------------------HHHH-----------------------------------------------------------------------------------------;1.0;0.12126984126984108;0.05386979450809237;0.9498818883736679;0.9746335535752778;0.10468450065144427;0.5340565963963873;0.12126984126984108;0.12126984126984108;21;101111111111111101111011111110111111011111111011111111011000001000010000000000000000000100000000000000010000000000000010000000000000000000010010001000000010000000000000100000010000000010001000000000000000000000000100000000000000001000010000000000000000000100000100000001000000000100000000000000000000000001110101000111001000100000001111100000000000000000000000000000100100000000000000101000000100000010000000000000000000000010000000000000000110000000001000010010100000000000000000001000000010000100010001100000010000000000001000001000000000000000000000100000000000001010000000000000000000001000000000001000100000000000100000000000000000000000000000000100000000100000000010010100000000000000000001000001000001000000000000010000000000000000000000000000111111111101111111111111111111011111111111111111110111111111100000100000000001000000000000011100000000000000010000000000000000000000100000001000000000-0020406080a0ccMefg0jkl0nop0rstjlnpr8nnnnnnpppppprrsiNOPQH-MV-----------------------------------e-----j----ç---r---q--C-------------------------O-----000000000000000000100000000000000100001000000000000000000000000000000000101000000001010000000000000000000000100000000000010000000000000000110000000000---------------------------------------------------------llll-----------------------------------------------------------------------------------------
_SEEDS_111111111111111111111111111111111111111111111111111111111000000000000000000000000000000000000000000000000000000000000000000000000000000000000000000000000000000000000000000000000000000000000000000000000000000000000000000000000000000000000000000000000000000000000000000000000000000000000000000000000000000101010101000110000000000000011111100000000000000000000000000000000000000000000000000000000000000000000000000000000000000000000000000000000000000000000000000000000000000000000000000000000000000000000000000000000000000000000000000000000000000000000000000000000000000000000000000000000000000000000000000000000000000000000000000000000000000000000000000000000000000000000000000000000000000000000000000000000000000000000000000000000000000000000000000000111111111111111111111111111111111111111111111111111111111111100000000000000000000000000000000000000000000000000000000000000000000000000000000000000000-0020406080a0ccdefg0jkl0nop0rstjlnprtnnnnnnpppppprrssNOPQH-VV-----------------------------------------------------------------------------------------000000000000000000000000000000000000000000000000000000000000000000000000000000000000000000000000000000000000000000000000000000000000000000000000000000---------------------------------------------------------HHHH-----------------------------------------------------------------------------------------;1.0;0.1516468253968255;0.13298525523604166;0.9544678443743719;0.9788619628132286;0.10996192018183583;0.5546539680003839;0.1516468253968255;0.1516468253968255;21;101111111111111101111011111110111111011111111011111111011000001000010000000000000000000000000000000000000000000000000010000000000000000000010010001000000010000000000000100000010000000010001000000000000000000000000100000000000000001000010000000000000000000100000100000001000000000100000000000000000000000001010101000110001000100000001111100000000000000000000000000000100100000000000000101000000100000010000000000000000000000010000000000000000010000000001000010010100000000000000000001000000010000100010001100000000000000000001000001000000000000000000000100000000000000010000000000000000000001000000000001000100000000000100000000000000000000000000000000100000000100000000010010100000000000000000001000000000001000000000000000000000000000000000000000000111111111101111111111011111111111111111111111111111111111111100000100000000000000000000000011100000000000000010000000000000000000100000000001000000000-0020406080a0ccdefg0jkl0nop0rstjlnpr8nnnnnnóppppprrssNOPQH-MV-----------------------------------e--------------r---q--C-----O-------------------O-----000000000000000000100000000000000100000000000000000000000000000000000000100000000001010000000000000000000000100000000000010001000000000000000000001000---------------------------------------------------------llll-----------------------------------------------------------------------------------------
_SEEDS_111111111111111111111111111111111111111111111111111111111000000000000000000000000000000000000000000000000000000000000000000000000000000000000000000000000000000000000000000000000000000000000000000000000000000000000000000000000000000000000000000000000000000000000000000000000000000000000000000000000000000101010101000110000000000000011111100000000000000000000000000000000000000000000000000000000000000000000000000000000000000000000000000000000000000000000000000000000000000000000000000000000000000000000000000000000000000000000000000000000000000000000000000000000000000000000000000000000000000000000000000000000000000000000000000000000000000000000000000000000000000000000000000000000000000000000000000000000000000000000000000000000000000000000000000000111111111111111111111111111111111111111111111111111111111111100000000000000000000000000000000000000000000000000000000000000000000000000000000000000000-0020406080a0ccdefg0jkl0nop0rstjlnprtnnnnnnpppppprrssNOPQH-VV-----------------------------------------------------------------------------------------000000000000000000000000000000000000000000000000000000000000000000000000000000000000000000000000000000000000000000000000000000000000000000000000000000---------------------------------------------------------HHHH-----------------------------------------------------------------------------------------;1.0;0.166170634920635;0.24021973267051933;0.9668733982549819;0.9795654468626817;0.12776284694907714;0.5800986766096491;0.166170634920635;0.166170634920635;12;101111111111111101111011111110111111011111111011111111111000001000010000000000000000000000000000000000000000000000000010000000000000000000000010001000000010000000000000100000010000000010001000000000000000000000000100000000000000001010010000000000000000000100000100000001000000000100000000000000000000000001010101000110001000100000001111100000000000000000000000000000100000000000000000101000000100000010000000000000000000000010000000000000000010010000001000010010100000000000000000001000000010001100010001100000000000000000001000001000000001000000000000100000000001000010000000100000000000100000000000001000100000000000100000000000000000000000000000000100000000100000000010010100010000000000000001000000000001000000000000000000000000000000000000000000101111111101111111111111110111111111111111111111111111111111100000100100000000000000001000001100000000000000010000000000000000000000000001001000000000-0020406080a0ccdefg0jkl0nop0rstjlnpr8nnnnnnpppppprrssNOPQH-MV-------------------yi--------------e--------------r---q--C-------------------------O-----000000000000000000000000000000000101000000000000000000000000000000100000100000000001010000000000000000000000100000000000011001010000000000000000000000---------------------------------------------------------cccc-----------------------------------------------------------------------------------------
_SEEDS_111111111111111111111111111111111111111111111111111111111000000000000000000000000000000000000000000000000000000000000000000000000000000000000000000000000000000000000000000000000000000000000000000000000000000000000000000000000000000000000000000000000000000000000000000000000000000000000000000000000000000101010101000110000000000000011111100000000000000000000000000000000000000000000000000000000000000000000000000000000000000000000000000000000000000000000000000000000000000000000000000000000000000000000000000000000000000000000000000000000000000000000000000000000000000000000000000000000000000000000000000000000000000000000000000000000000000000000000000000000000000000000000000000000000000000000000000000000000000000000000000000000000000000000000000000111111111111111111111111111111111111111111111111111111111111100000000000000000000000000000000000000000000000000000000000000000000000000000000000000000-0020406080a0ccdefg0jkl0nop0rstjlnprtnnnnnnpppppprrssNOPQH-VV-----------------------------------------------------------------------------------------000000000000000000000000000000000000000000000000000000000000000000000000000000000000000000000000000000000000000000000000000000000000000000000000000000---------------------------------------------------------HHHH-----------------------------------------------------------------------------------------;1.0;0.13130952380952354;0.1469018397943762;0.9595204724629366;0.9831721421612024;0.12678353754511743;0.557947919295526;0.13130952380952354;0.13130952380952354;21;101111111111111101111011111110111111011111111011111111111000001000010000000000000000000000000000000000000000000000000010000000001000000000000010001000000010000000000000100000010000000010001000000000000000000000000000000000000000001010010000000000000000000100000100000001000000000100000000000000000000000001010101000110001000100000001111100000000000000000000000000000100000000000000000101000000100000010000000000000000000000010000000000000000010010000001000010010100000000000000000001000000010001100010001100000000000000000001000001000000000000000000000100000000001000010000000000000000000100000000000001000100000000000100000000000000000000000000000000100000000101000000010010100010000000000000001000000000001000000000000000000000000000000000000000000101111111101111111111111110111111111111111111111111111111111100000100100000000000000000000001100000000100000010000010000000000010000000001001000000000-0020406083a0ccdefg0jkl0nop0rstjlnpr8nnnnnnppppeprrssNOPWH-MV--------------------------------#--Ç--------------r---q--C-------------------------O-----000000000100000000000000000000000101000000000000000000000000000010000000100000010000010000000000000000100000100000000000010000000000000000010000000000---------------------------------------------------------llll-----------------------------------------------------------------------------------------
_SEEDS_111111111111111111111111111111111111111111111111111111111000000000000000000000000000000000000000000000000000000000000000000000000000000000000000000000000000000000000000000000000000000000000000000000000000000000000000000000000000000000000000000000000000000000000000000000000000000000000000000000000000000101010101000110000000000000011111100000000000000000000000000000000000000000000000000000000000000000000000000000000000000000000000000000000000000000000000000000000000000000000000000000000000000000000000000000000000000000000000000000000000000000000000000000000000000000000000000000000000000000000000000000000000000000000000000000000000000000000000000000000000000000000000000000000000000000000000000000000000000000000000000000000000000000000000000000111111111111111111111111111111111111111111111111111111111111100000000000000000000000000000000000000000000000000000000000000000000000000000000000000000-0020406080a0ccdefg0jkl0nop0rstjlnprtnnnnnnpppppprrssNOPQH-VV-----------------------------------------------------------------------------------------000000000000000000000000000000000000000000000000000000000000000000000000000000000000000000000000000000000000000000000000000000000000000000000000000000---------------------------------------------------------HHHH-----------------------------------------------------------------------------------------;1.0;0.162559523809524;0.1923741325371432;0.9500624684405621;0.9708409660894471;0.08844873557865744;0.5607143044092223;0.162559523809524;0.162559523809524;21;101111111111111101111011111110111111011111111011111111111000001000010000000000000000100001000000000000000000000000000010000000000000000000000010001000000010000000000000100000010000000010001000000000000000000000000100000000000000001001010000100000000000000100000100000001000000000100000000000000000000000001010101000110001000100000001111100000000000000000000000000000100100000000000000101000000100000010000000000000000000100010000000000000000000000000001000000010100000000000000000001000000010000100010001100000000000001000001000001000000000000000000000100000000000000010000000000000000000001000000000001000100000000000100000000000000000000000000000000100000000100000000010010100000000000000000001000000000001001000000000000000001000000000000001000000111111111101111111111111111111111111111111111111111111111111100001100000000001000000000000011100000000000000010000000100000000000000100000001000000000-0020406040a0ccdefg0jkl0nop0rstjlnpr8nnnnnnpppppprrsiNOOQH-MV-----------------------------------e-----j----ç---r---q--C-------------------------O-----000000000000000000000000000000000100000000000000000000000000000000000000101100000001010000000000000000000000100000000000010000000000000000110000000000---------------------------------------------------------llll-----------------------------------------------------------------------------------------
_SEEDS_111111111111111111111111111111111111111111111111111111111000000000000000000000000000000000000000000000000000000000000000000000000000000000000000000000000000000000000000000000000000000000000000000000000000000000000000000000000000000000000000000000000000000000000000000000000000000000000000000000000000000101010101000110000000000000011111100000000000000000000000000000000000000000000000000000000000000000000000000000000000000000000000000000000000000000000000000000000000000000000000000000000000000000000000000000000000000000000000000000000000000000000000000000000000000000000000000000000000000000000000000000000000000000000000000000000000000000000000000000000000000000000000000000000000000000000000000000000000000000000000000000000000000000000000000000111111111111111111111111111111111111111111111111111111111111100000000000000000000000000000000000000000000000000000000000000000000000000000000000000000-0020406080a0ccdefg0jkl0nop0rstjlnprtnnnnnnpppppprrssNOPQH-VV-----------------------------------------------------------------------------------------000000000000000000000000000000000000000000000000000000000000000000000000000000000000000000000000000000000000000000000000000000000000000000000000000000---------------------------------------------------------HHHH-----------------------------------------------------------------------------------------;1.0;0.14581349206349214;0.1615739666113254;0.9512844741357953;0.976824685277256;0.08758356119027808;0.5538466965463579;0.14581349206349214;0.14581349206349214;21;101111111111111101111011111110111111011111111011111111011000001000010000000000000000100100000000000000000000000000000010000000000000000000000010001000000010000100000000100000010000000010001000000000000000000000000100000000000000001000010000100000000000000100000100000001000000000100000000000000000000000001010101000110001000100000001111100000000000000000000000000000100100000000000000101000000100000010000000000000000000100010000000000000000010000000001000010010100000000000000000001000000010000100010001100000000000000000001000001000000000000000000000100001000000000010000000000000000000001000000000001000100000000000100000000000000000000000000000000100000000100000000010010100000000000000000001000000000001000000000000000000000000000000000000000000111111111101111111101111111111111111111111111111111101111111100000100000000000000000000000011110000000000000010000000000000000000000000000001000000000-0020406080a0ccdefg0jkl0nop0rstjlnpr8nnnnnnppppppbrssNOPQH-MV---------------------------b----U--e--------------r---q--C-------------------------O-----000000000000000000100000000000000100000000000000000000000000000000000000100000000000010000000000000000000000100000000000010001000000000000000100001000---------------------------------------------------------llll-----------------------------------------------------------------------------------------
_SEEDS_111111111111111111111111111111111111111111111111111111111000000000000000000000000000000000000000000000000000000000000000000000000000000000000000000000000000000000000000000000000000000000000000000000000000000000000000000000000000000000000000000000000000000000000000000000000000000000000000000000000000000101010101000110000000000000011111100000000000000000000000000000000000000000000000000000000000000000000000000000000000000000000000000000000000000000000000000000000000000000000000000000000000000000000000000000000000000000000000000000000000000000000000000000000000000000000000000000000000000000000000000000000000000000000000000000000000000000000000000000000000000000000000000000000000000000000000000000000000000000000000000000000000000000000000000000111111111111111111111111111111111111111111111111111111111111100000000000000000000000000000000000000000000000000000000000000000000000000000000000000000-0020406080a0ccdefg0jkl0nop0rstjlnprtnnnnnnpppppprrssNOPQH-VV-----------------------------------------------------------------------------------------000000000000000000000000000000000000000000000000000000000000000000000000000000000000000000000000000000000000000000000000000000000000000000000000000000---------------------------------------------------------HHHH-----------------------------------------------------------------------------------------;1.0;0.1653174603174603;0.1723476019983562;0.9629589360850764;0.9834741381535037;0.09745268836862153;0.5635918041538363;0.1653174603174603;0.1653174603174603;21;101111111111111101111001110110111111011111111011111111111000001000010000000000000000100000000000000000000000000000000010000000000000000000000010001000000010000000000000100000010000000010001000000000000000000000000100001000000000001001010000100000000000000100000100000001000000000100000000000000000000000001010101000110101000100000000111100000000000000000000000001000100010000010000010101000000100000010000000000000000000000010000000000000000010000000001000010010100000000000000000001000000000001100010001100000000000000000001000001000000000010000000000100000000000000010000000000000000000001000000000001000100010000000100000000000000000000000000000000100000000100000000010010100000000000000000001000000000001000000000000100000000000000000000000000010111111111101111111111111111111111111111111111111111111111111100000100100000000000100000000001100100000000000010000000000000000000000000001001000000000-0t20406080a0ccdefg0jkl0nop0rstjlnpr8nnnnnnpppppprrssNOPQH-MV-----------------------------------e--f-----------r---q--C-------------------------O-ó---000000000000000000100000000000000100000000000000000000000000000000000000100000000001010000000000000000000000100000000000011001000000000000000000000000---------------------------------------------------------llll-----------------------------------------------------------------------------------------
_SEEDS_111111111111111111111111111111111111111111111111111111111000000000000000000000000000000000000000000000000000000000000000000000000000000000000000000000000000000000000000000000000000000000000000000000000000000000000000000000000000000000000000000000000000000000000000000000000000000000000000000000000000000101010101000110000000000000011111100000000000000000000000000000000000000000000000000000000000000000000000000000000000000000000000000000000000000000000000000000000000000000000000000000000000000000000000000000000000000000000000000000000000000000000000000000000000000000000000000000000000000000000000000000000000000000000000000000000000000000000000000000000000000000000000000000000000000000000000000000000000000000000000000000000000000000000000000000111111111111111111111111111111111111111111111111111111111111100000000000000000000000000000000000000000000000000000000000000000000000000000000000000000-0020406080a0ccdefg0jkl0nop0rstjlnprtnnnnnnpppppprrssNOPQH-VV-----------------------------------------------------------------------------------------000000000000000000000000000000000000000000000000000000000000000000000000000000000000000000000000000000000000000000000000000000000000000000000000000000---------------------------------------------------------HHHH-----------------------------------------------------------------------------------------;1.0;0.16753968253968254;0.24349518178418894;0.9593984954752434;0.9806363682503432;0.09350656956621074;0.5740960496026114;0.16753968253968254;0.16753968253968254;21;101111111111111101111011111110111111011111111011111111111000001000010000000000000000000000000000000000000000000000000010000000000000000000000010001000000010000000000000100000010000000010001000000000000000000000000100000000000000001000010000000000000000000100000100000001000000000100000000000000000000000001010101000110001000100000001111100000000000000000000000000000100000000000000000101000000100000010000000001000000000000010000000000000000010000000001000010010100000000000000000001000000010000100010001100000000000000000001000001000000000000000000000100000000000000010100000000000000000001000000100001000100000000000100000000000000000000000000000000100000000100000000010010100000000000000000001000000000001000000000000000000000000000000000000000100111111111101111111111111111111111111111111111111111111111111100000100000000000000000000000011100000000000000010000000000000000000000000000001000000000-0020406080a0ccdefg0jkl0nop0rstjlnpr8nnnnnnpppppprrssNOPQH-MV-----------------------------------e--------------r---q--C-------------------------O-----000000000000000000100000000000000100000000000000000000000000000000000000100000000001010000000000000000000000100000000000010001000000000000000000001000---------------------------------------------------------llll-----------------------------------------------------------------------------------------
_SEEDS_111111111111111111111111111111111111111111111111111111111000000000000000000000000000000000000000000000000000000000000000000000000000000000000000000000000000000000000000000000000000000000000000000000000000000000000000000000000000000000000000000000000000000000000000000000000000000000000000000000000000000101010101000110000000000000011111100000000000000000000000000000000000000000000000000000000000000000000000000000000000000000000000000000000000000000000000000000000000000000000000000000000000000000000000000000000000000000000000000000000000000000000000000000000000000000000000000000000000000000000000000000000000000000000000000000000000000000000000000000000000000000000000000000000000000000000000000000000000000000000000000000000000000000000000000000111111111111111111111111111111111111111111111111111111111111100000000000000000000000000000000000000000000000000000000000000000000000000000000000000000-0020406080a0ccdefg0jkl0nop0rstjlnprtnnnnnnpppppprrssNOPQH-VV-----------------------------------------------------------------------------------------000000000000000000000000000000000000000000000000000000000000000000000000000000000000000000000000000000000000000000000000000000000000000000000000000000---------------------------------------------------------HHHH-----------------------------------------------------------------------------------------;1.0;0.1330555555555556;0.08993970953849562;0.9496782658808478;0.9796793555353207;0.1262434858002796;0.5464327287184166;0.1330555555555556;0.1330555555555556;21;101111111111111101111011111110111110011111111011111111111000001000010000000000000000000000000000000000000000000000001010000000000000000000000010001000000010000000000000100000010000000010001000000000000000000000000100000000000000001010010000100000000000000100000100000001000000000100000000000000000000000001010101000110001000100000001111100000000000000000000000000000100010000000000000101000000100000010000000000000000000000010000000000000000010000000001000010010100000000000000000001000000010000100010001100000000000000000001000001000000000000000000000100000000000000010000000000000000000001000000100001000100000000000100000000000000000000000000000000100000000100000000010010100000000000000100001000000000001000000000000000000000000000000000000000000111111111101111111111111111111111111111111111111111111111111100000100000000000000000000000011100000000000100010000000000000000000000000000001000000000-0020406080a0ccdefg0jkl0nop0rstjlnpr8nnnnnnpppppprrssNOPQHOMV-----------------------------------e--------------r---q--C-------------------------O-----000000000000000000100000000000000100000000000000000000000000000000000000100000000001010000000000000000000000100000000000010001000000000000000000001000---------------------------------------------------------llll-----------------------------------------------------------------------------------------
_SEEDS_111111111111111111111111111111111111111111111111111111111000000000000000000000000000000000000000000000000000000000000000000000000000000000000000000000000000000000000000000000000000000000000000000000000000000000000000000000000000000000000000000000000000000000000000000000000000000000000000000000000000000101010101000110000000000000011111100000000000000000000000000000000000000000000000000000000000000000000000000000000000000000000000000000000000000000000000000000000000000000000000000000000000000000000000000000000000000000000000000000000000000000000000000000000000000000000000000000000000000000000000000000000000000000000000000000000000000000000000000000000000000000000000000000000000000000000000000000000000000000000000000000000000000000000000000000111111111111111111111111111111111111111111111111111111111111100000000000000000000000000000000000000000000000000000000000000000000000000000000000000000-0020406080a0ccdefg0jkl0nop0rstjlnprtnnnnnnpppppprrssNOPQH-VV-----------------------------------------------------------------------------------------000000000000000000000000000000000000000000000000000000000000000000000000000000000000000000000000000000000000000000000000000000000000000000000000000000---------------------------------------------------------HHHH-----------------------------------------------------------------------------------------;1.0;0.13089285714285714;0.0;0.9437521219253029;0.9785653560191496;0.11501818350806305;0.5280380864325621;0.13089285714285714;0.13089285714285714;21;101111111101111101111011111010111111011011111011111111111000001000010000000000000000000000000000000000000000010000000010000000010000000000000010001000000010000000000000100000010000000010001000000000000000000000000101000000000000001010010000000000000000000100000000000001000000000100000000000000000000000001010101000110001000100000001111100000000000000000000000000000100000000000000000101000000100000010000000000000000000000010000000000000000010000000001100010010100000000000000000001000000010000100010001100001000000000000001000001000000000000000000000100000000000000010010000000000000000001000000000001000100000000000100000000000000000000000000000000100000000100000000010010100000000000000000001000000000001000000000000000000000000000000000000000001111111111101111111111111111111111111111111111111111111111110100000100000000000000000000000011100000000000000010000000000000000000000000000001000000000-0020406080a0ccdefg0jkl0nop0rstjlnpr8nnnnnnpppppprrssNOPQH-MV----------------------0------------e--------------r---q--C-------------------------O-----000000000001000000100000000000000100000000000000000000000000000000000000100000000001010000000000000000000000100000000000010001000100000000000000001000---------------------------------------------------------llll-----------------------------------------------------------------------------------------
_SEEDS_111111111111111111111111111111111111111111111111111111111000000000000000000000000000000000000000000000000000000000000000000000000000000000000000000000000000000000000000000000000000000000000000000000000000000000000000000000000000000000000000000000000000000000000000000000000000000000000000000000000000000101010101000110000000000000011111100000000000000000000000000000000000000000000000000000000000000000000000000000000000000000000000000000000000000000000000000000000000000000000000000000000000000000000000000000000000000000000000000000000000000000000000000000000000000000000000000000000000000000000000000000000000000000000000000000000000000000000000000000000000000000000000000000000000000000000000000000000000000000000000000000000000000000000000000000111111111111111111111111111111111111111111111111111111111111100000000000000000000000000000000000000000000000000000000000000000000000000000000000000000-0020406080a0ccdefg0jkl0nop0rstjlnprtnnnnnnpppppprrssNOPQH-VV-----------------------------------------------------------------------------------------000000000000000000000000000000000000000000000000000000000000000000000000000000000000000000000000000000000000000000000000000000000000000000000000000000---------------------------------------------------------HHHH-----------------------------------------------------------------------------------------;1.0;0.1316269841269837;0.09222171628270204;0.9504505770938345;0.9810521890081854;0.08845381174858617;0.5406342130433819;0.1316269841269837;0.1316269841269837;21;101111111011111101111011111110111111011111111011111111111000001000010000000000000000000000000000000000000000000000000010000000000000000000000010001000000010000000000000100000010000000010001000000000000000000000000100000000000000001010010000000000000000000100000100000001000000000100000000000000000000000001010101000110001000100000000111100000000000000000000000001000100000000000000010101000000100000010000000000000000000000010000000000000000010000000001000010010100000000000000000001000000010000100010001100000000000000000001000001000000000010000000000100000000000000010000000000000000000001000000000001000100010000000100000000000000000000000000000000100000000100000000010010100000000000000000001000000000001000000000000000000000000000000000000000010111111111101111111111101111111111111111111111111111111111111100000100100000000000000000000001100000000000000010000000000000000000000000001001000000000-0t20406080a0ccdefg0jkl0nop0rstjlnpr8nnnnnnpppppprrssNOPQH-MV----p------------------------------e--------------r---q--C-------------------------O-ó---000000000000000000100000000000000100000000000000000000000000000000000000100000001001010010000000000000100000100000000000011001000000000000000000000000---------------------------------------------------------llll-----------------------------------------------------------------------------------------
_SEEDS_111111111111111111111111111111111111111111111111111111111000000000000000000000000000000000000000000000000000000000000000000000000000000000000000000000000000000000000000000000000000000000000000000000000000000000000000000000000000000000000000000000000000000000000000000000000000000000000000000000000000000101010101000110000000000000011111100000000000000000000000000000000000000000000000000000000000000000000000000000000000000000000000000000000000000000000000000000000000000000000000000000000000000000000000000000000000000000000000000000000000000000000000000000000000000000000000000000000000000000000000000000000000000000000000000000000000000000000000000000000000000000000000000000000000000000000000000000000000000000000000000000000000000000000000000000111111111111111111111111111111111111111111111111111111111111100000000000000000000000000000000000000000000000000000000000000000000000000000000000000000-0020406080a0ccdefg0jkl0nop0rstjlnprtnnnnnnpppppprrssNOPQH-VV-----------------------------------------------------------------------------------------000000000000000000000000000000000000000000000000000000000000000000000000000000000000000000000000000000000000000000000000000000000000000000000000000000---------------------------------------------------------HHHH-----------------------------------------------------------------------------------------;1.0;0.13103174603174605;0.13675216790498534;0.958057110989759;0.9805840296646382;0.12356242245723358;0.5549979128413937;0.13103174603174605;0.13103174603174605;21;101111111111111101111011111110111111011111111011111111111000001000010000000000000000000000000000000000000000000000000010000000000000000000000010001000000010000000000000100000010000000010001000000000000000000000000100000000000000001010010000000000000000000100000100000001000000000100000000000000000000000001010101000110001000100000001111100000000010000000000000000000100000000000000000101000000100000010000000000000000000000010000000000000000010010000001000010010100000000000000000001000000010001100010001100000000000000000001000001000000000000000000000100000000001000010000000000000000000100000000000001000100000000000100000000000000000000000000000000100000000100000000010010100010000000000000001000000000001000000000000000000000000000000000000000000101111111101111111111111110111111111111111111111111111111111100000100100000000000000000000001100000000000000010000000000000000000000000001001000000000-0020406080a0ccdefg0jkl0nop0rstjlnpr8nnnnnnpppppprrssNOPQH-MV-----------------------------------e--------------r---q--C-------------------------O-----000000000000000000000000000000000101000000000000000000000000000000000000100000000001010010000000000000000000100100000100011001000000000000000000000000---------------------------------------------------------llll-----------------------------------------------------------------------------------------
_SEEDS_111111111111111111111111111111111111111111111111111111111000000000000000000000000000000000000000000000000000000000000000000000000000000000000000000000000000000000000000000000000000000000000000000000000000000000000000000000000000000000000000000000000000000000000000000000000000000000000000000000000000000101010101000110000000000000011111100000000000000000000000000000000000000000000000000000000000000000000000000000000000000000000000000000000000000000000000000000000000000000000000000000000000000000000000000000000000000000000000000000000000000000000000000000000000000000000000000000000000000000000000000000000000000000000000000000000000000000000000000000000000000000000000000000000000000000000000000000000000000000000000000000000000000000000000000000111111111111111111111111111111111111111111111111111111111111100000000000000000000000000000000000000000000000000000000000000000000000000000000000000000-0020406080a0ccdefg0jkl0nop0rstjlnprtnnnnnnpppppprrssNOPQH-VV-----------------------------------------------------------------------------------------000000000000000000000000000000000000000000000000000000000000000000000000000000000000000000000000000000000000000000000000000000000000000000000000000000---------------------------------------------------------HHHH-----------------------------------------------------------------------------------------;1.0;0.16101190476190474;0.14855336487071635;0.9671491045097743;0.9840930286184045;0.12505514369218668;0.5643104244088312;0.16101190476190474;0.16101190476190474;21;101111111111111101111011111110111111011111111011111111111000001000010000000000000000000000000000000000000000000000000010000000000000000000000011001000000010000000100000100000010000000010001000000000000000000000000100000000000000001010010000000000000000000100000100000001000000000100000000000000000000000001010101000110001000100000001111100000000000000000000000000000100000000000000000101000000100000010000000000000000000000010000000000000000010010000001000010010100000000000000000001000000010001100010001100000000000000000001000001000000000000000000000100000000001000010000000000000000000100000000000001000100000000000100000000000000000000000000000000100000000100000000010010100010000000000000001000000000001000000000000000000000000000100000000000000101111111101111111111111110111111111111111111111111111111111100000100100000000000000000100001100000000000000010000010000000000000000000001001000000000-0020406080a0ccdefg0jkl0nop0rstjlnpr8nnnnnnppppOprrssNOPWH-MV--------------------------------#--Ç--------------r---q--C-------------------------O-----000000000100000000000000000000000101000000000000000000000000000000000000100000000000010000000000000000000000100000000000010000100010000000010000000000---------------------------------------------------------llll-----------------------------------------------------------------------------------------
_SEEDS_111111111111111111111111111111111111111111111111111111111000000000000000000000000000000000000000000000000000000000000000000000000000000000000000000000000000000000000000000000000000000000000000000000000000000000000000000000000000000000000000000000000000000000000000000000000000000000000000000000000000000101010101000110000000000000011111100000000000000000000000000000000000000000000000000000000000000000000000000000000000000000000000000000000000000000000000000000000000000000000000000000000000000000000000000000000000000000000000000000000000000000000000000000000000000000000000000000000000000000000000000000000000000000000000000000000000000000000000000000000000000000000000000000000000000000000000000000000000000000000000000000000000000000000000000000111111111111111111111111111111111111111111111111111111111111100000000000000000000000000000000000000000000000000000000000000000000000000000000000000000-0020406080a0ccdefg0jkl0nop0rstjlnprtnnnnnnpppppprrssNOPQH-VV-----------------------------------------------------------------------------------------000000000000000000000000000000000000000000000000000000000000000000000000000000000000000000000000000000000000000000000000000000000000000000000000000000---------------------------------------------------------HHHH-----------------------------------------------------------------------------------------;1.0;0.12476190476190463;0.0;0.9469376266536164;0.97744960238374;0.10614612840710015;0.5258825437010602;0.12476190476190463;0.12476190476190463;21;101111111111111101111001111110111111011111111011111111111000001000010000000000000000100000000000000000000000010000000010000000000000000000000010001000000010000000000000100000010000000010001000000000000000000000000100000000000000001001010000100000000000000100000100000001000000000100000010000000000000000001010101000110001000100000001111100000001000000000000000000000100100000000000000101000000100000010000000000000000000100010000000000000000010000000001000010010100000000000000000001000000010000100010001100000000000001000001000001000000000000000000000100000000001000010000000000000000000100000000000001000100000000000100000000000000000000000000000000100000000100000000000010100010000000000000001000000000001000000000000000000000000000100000000000000101111111101111111111111110111111111111111111111111111111111100000100100000000000000000100001100000000000000010000010000000000000000000001001000000000-0020406080a0ccdefg0jkl0nop0rstjlnpr8nnnnnnppppeprrssNOPWH-MV--------------------------------#--Ç--------------r---q--C----------h--------------O-----000000000100000000000000000000000101000000000000000000000000000000000000100000000000010000000000000000000000100000000000010000000000000000010000000000---------------------------------------------------------llll-----------------------------------------------------------------------------------------
_SEEDS_111111111111111111111111111111111111111111111111111111111000000000000000000000000000000000000000000000000000000000000000000000000000000000000000000000000000000000000000000000000000000000000000000000000000000000000000000000000000000000000000000000000000000000000000000000000000000000000000000000000000000101010101000110000000000000011111100000000000000000000000000000000000000000000000000000000000000000000000000000000000000000000000000000000000000000000000000000000000000000000000000000000000000000000000000000000000000000000000000000000000000000000000000000000000000000000000000000000000000000000000000000000000000000000000000000000000000000000000000000000000000000000000000000000000000000000000000000000000000000000000000000000000000000000000000000111111111111111111111111111111111111111111111111111111111111100000000000000000000000000000000000000000000000000000000000000000000000000000000000000000-0020406080a0ccdefg0jkl0nop0rstjlnprtnnnnnnpppppprrssNOPQH-VV-----------------------------------------------------------------------------------------000000000000000000000000000000000000000000000000000000000000000000000000000000000000000000000000000000000000000000000000000000000000000000000000000000---------------------------------------------------------HHHH-----------------------------------------------------------------------------------------;1.0;0.167559523809524;0.04266939066457909;0.9485166369760448;0.9740039917536827;0.08325734778034945;0.5360011484973634;0.167559523809524;0.167559523809524;21;101111111111111101111011111010111111011111111011111111111000001000010000000000000000000000000000000000000000010000000010000000010000000000000010001000000010000000000000100000010000000010001000000000000000000000000100000000000000001001010000100000000000000100000100000001000000000100001000000000000000000001010101000110101000100000000111100000000000000000000000001000000100000000000010101000000100000010000000000000001000000010000000000000000010000000001000010010100000000000000000001000000010000100010001100000000000000000001000001000000000010000000000100000000000000010000000000000000000001000000000001000100010000000100000000000000000000000000000000100000000100000000010010100000000000000000001000000000001000000000000000000000000000000000000000010111111111101111111111111111111111111111111111111111111111111100000100100000000000000000000001100000000000000010000000000000000000000000001001000000000-0t20406080a0ccdefg0jkl0nop0rstjlnrr8nnnnnnpppppprrssNOPQH-MV-----------------------------------e--------------r---q--C-------------------------O-ó---000000010000000000100000000000000100000000000000000000000000000000000000100000000001010000000000000000000000100000000000011011000000000000000000000000---------------------------------------------------------llll-----------------------------------------------------------------------------------------
_SEEDS_111111111111111111111111111111111111111111111111111111111000000000000000000000000000000000000000000000000000000000000000000000000000000000000000000000000000000000000000000000000000000000000000000000000000000000000000000000000000000000000000000000000000000000000000000000000000000000000000000000000000000101010101000110000000000000011111100000000000000000000000000000000000000000000000000000000000000000000000000000000000000000000000000000000000000000000000000000000000000000000000000000000000000000000000000000000000000000000000000000000000000000000000000000000000000000000000000000000000000000000000000000000000000000000000000000000000000000000000000000000000000000000000000000000000000000000000000000000000000000000000000000000000000000000000000000111111111111111111111111111111111111111111111111111111111111100000000000000000000000000000000000000000000000000000000000000000000000000000000000000000-0020406080a0ccdefg0jkl0nop0rstjlnprtnnnnnnpppppprrssNOPQH-VV-----------------------------------------------------------------------------------------000000000000000000000000000000000000000000000000000000000000000000000000000000000000000000000000000000000000000000000000000000000000000000000000000000---------------------------------------------------------HHHH-----------------------------------------------------------------------------------------;1.0;0.13037698412698406;0.0;0.9468490678510134;0.9752178342796824;0.11356741344199624;0.527668549949946;0.13037698412698406;0.13037698412698406;21;101111111111111101111011111010111111011111111011111111111000001000010000000000000000000000000000000000000000010000000010000000010000000000000010001000000010000000000000100000010000000010001000000000000000000000000101000000000000001010010000000000000000000100000000000001000000000100000000000000000000000001010101000110001000100000001111100000000000000000000000000000100000000000000000101000000100000010000000000000000000000010000000000000000010010000001000010010100000000010000000001000000010001100010101100000000000000000001000001000000000000000000010100000000001000010000000000000000000100000000000001000100000000000100000000000000000000000000000000100000000100000000010010100010000000000000001000000000001000000000000000000000000000100000000000000101111111101111111111111110111111111111111111111111111111111100000100100000000000000000000001100000000000000010000010000000000000000000001001000000000-0020406080a0ccdefg0jkl0nop0rstjlnpr8nnnnnnppppeprrssNOPWH-MV--------------------------------#--e--------------r---q--C-------------------------O-----000000000100000000000000000000000101000000000000000000000000000000000000100000000001010000000010000000000000100000000000011001000001000000000000000000---------------------------------------------------------llll-----------------------------------------------------------------------------------------
